1262
0.0191460502176196 0.58435334038777 0
0.0293935637685426 0.545688259681484 0
0.0407375365962479 0.507330544936152 0
0.063919998340328 0.474733405989852 0
0.0871024600844081 0.442136267043552 0
0.110284921828487 0.409539128097254 0
0.133467383572567 0.376941989150955 0
0.153235955711673 0.342168384857167 0
0.188354338443026 0.323018993369857 0
0.228218988578362 0.326306799566586 0
0.268083638713698 0.329594605763315 0
0.307948288849034 0.332882411960043 0
0.34781293898437 0.336170218156772 0
0.387677589119706 0.339458024353501 0
0.427542239255042 0.342745830550229 0
0.467406889390378 0.346033636746958 0
0.507271539525714 0.349321442943687 0
0.468151998345937 0.340975096564359 0
0.428703722483868 0.334354406909187 0
0.389255446621799 0.327733717254014 0
0.34980717075973 0.321113027598842 0
0.310358894897662 0.314492337943669 0
0.270910619035592 0.307871648288497 0
0.230964940531653 0.305787717181209 0
0.190967203807181 0.305362209343715 0
0.150969467082708 0.304936701506221 0
0.110971730358235 0.304511193668726 0
0.0723414128054384 0.314888985619334 0
0.0424450400580919 0.341463539172531 0
0.0125486673107453 0.368038092725728 0
-0.0173477054366012 0.394612646278924 0
-0.045427648492697 0.423099780181204 0
-0.0711862980665847 0.453701936512575 0
-0.0969449476404724 0.484304092843946 0
-0.12270359721436 0.514906249175317 0
-0.148462246788248 0.545508405506688 0
-0.174220896362136 0.57611056183806 0
-0.199979545936023 0.606712718169431 0
-0.225738195509911 0.637314874500801 0
-0.251496845083798 0.667917030832172 0
-0.284958378736124 0.689833366420823 0
-0.318731555543442 0.711266344010082 0
-0.353038501586965 0.731834121069521 0
-0.392065238159832 0.740604174231963 0
-0.431091974732698 0.749374227394405 0
-0.470118711305565 0.758144280556847 0
-0.509145447878432 0.766914333719289 0
-0.548172184451299 0.775684386881731 0
-0.587198921024166 0.784454440044173 0
-0.626225657597033 0.793224493206615 0
-0.6652523941699 0.801994546369057 0
-0.704778926457485 0.808130770396787 0
-0.744595287621496 0.811959266662557 0
-0.784411648785508 0.815787762928327 0
-0.824228009949519 0.819616259194097 0
-0.86404437111353 0.823444755459867 0
-0.903351645563984 0.83085678455295 0
-0.942243740556154 0.840205845849145 0
-0.981135835548324 0.849554907145341 0
-1.02002793054049 0.858903968441535 0
-1.05892002553266 0.868253029737731 0
-1.09759979550818 0.878444957653546 0
-1.13615224031835 0.889108399835081 0
-1.17470468512852 0.899771842016617 0
-1.21325712993868 0.910435284198153 0
-1.25180957474885 0.921098726379689 0
-1.29036201955902 0.931762168561225 0
-1.32891446436919 0.94242561074276 0
-1.36871938051784 0.946371323656612 0
-1.40866061956213 0.948538677713279 0
-1.44860185860642 0.950706031769945 0
-1.48854309765071 0.952873385826612 0
-1.528484336695 0.955040739883279 0
-1.56842557573929 0.957208093939946 0
-1.60821835585105 0.953141811734183 0
-1.6477446703918 0.947004185252701 0
-1.68727098493254 0.940866558771219 0
-1.72679729947328 0.934728932289737 0
-1.76632361401403 0.928591305808255 0
-1.80584992855477 0.922453679326773 0
-1.84537624309552 0.916316052845291 0
-1.88476772831405 0.909365449110536 0
-1.92275403951918 0.896833882527402 0
-1.9607403507243 0.884302315944269 0
-1.99872666192943 0.871770749361136 0
-2.03671297313455 0.859239182778002 0
-2.07560757497574 0.849900556132969 0
-2.11548018611718 0.846710747241653 0
-2.15535279725863 0.843520938350338 0
-2.19522540840007 0.840331129459022 0
-2.23509387375506 0.843572343774445 0
-2.27483307661611 0.848132580168337 0
-2.31457227947716 0.852692816562228 0
-2.35368543824102 0.8610690216405 0
-2.39276143893687 0.869616896792717 0
-2.43183743963272 0.878164771944934 0
-2.47169137969722 0.881579952955493 0
-2.51159494318233 0.884355853024021 0
-2.55149850666743 0.88713175309255 0
-2.59140207015253 0.889907653161079 0
-2.63130563363763 0.892683553229607 0
-2.67111669594644 0.896566762964364 0
-2.71080135105143 0.901579561503941 0
-2.75048600615641 0.906592360043518 0
-2.7901706612614 0.911605158583096 0
-2.82984916487582 0.91666641839858 0
-2.86880948595739 0.925726958184991 0
-2.90776980703896 0.934787497971402 0
-2.94321435007851 0.953326224160578 0
-2.97838602873999 0.972377550102208 0
-3.01578767666425 0.986559113223003 0
-3.05527437261374 0.992946666979538 0
-3.09476106856323 0.999334220736073 0
-3.13439808688895 1.00471072315367 0
-3.17439054825338 1.00548727580152 0
-3.21438300961781 1.00626382844938 0
-3.25437547098223 1.00704038109723 0
-3.29436793234666 1.00781693374508 0
-3.33423935010009 1.00461224244456 0
-3.37295225037162 0.994546888373967 0
-3.41166515064315 0.984481534303369 0
-3.43967260077714 0.955923125086603 0
-3.46131416168577 0.922283225541004 0
-3.45701488796656 0.88251494363837 0
-3.42850017391892 0.8544630081832 0
-3.39014478088821 0.843111187824336 0
-3.3517893878575 0.831759367465472 0
-3.31343399482679 0.820407547106607 0
-3.27507860179609 0.809055726747743 0
-3.23672320876538 0.797703906388879 0
-3.19836781573467 0.786352086030015 0
-3.16001242270396 0.775000265671151 0
-3.12165702967325 0.763648445312286 0
-3.08330163664255 0.752296624953423 0
-3.04494624361184 0.740944804594558 0
-3.08426815592288 0.748278781155924 0
-3.12345753021143 0.756290831010472 0
-3.16264690449998 0.76430288086502 0
-3.20183627878854 0.772314930719569 0
-3.24102565307709 0.780326980574118 0
-3.28021502736564 0.788339030428666 0
-3.31940440165419 0.796351080283214 0
-3.35859377594274 0.804363130137762 0
-3.3977831502313 0.812375179992311 0
-3.43697252451985 0.820387229846859 0
-3.46266184222147 0.789726848961671 0
-3.46729707020388 0.749996323398181 0
-3.47047615017707 0.710122855395961 0
-3.45211534810202 0.674585819121664 0
-3.43375454602696 0.639048782847367 0
-3.41539374395191 0.60351174657307 0
-3.39259363115402 0.570646037142061 0
-3.36934410340526 0.538096698293792 0
-3.34609457565649 0.505547359445523 0
-3.30780876328449 0.493963035079561 0
-3.2678423141451 0.492325065852537 0
-3.22787586500572 0.490687096625513 0
-3.18790941586633 0.489049127398489 0
-3.14794296672694 0.487411158171465 0
-3.10797651758755 0.485773188944441 0
-3.06801006844816 0.484135219717416 0
-3.02804361930877 0.482497250490392 0
-2.98807717016938 0.480859281263368 0
-2.94811072102999 0.479221312036344 0
-2.9081442718906 0.47758334280932 0
-2.94728820377997 0.469352146283881 0
-2.98705163541588 0.465008241987521 0
-3.0268150670518 0.46066433769116 0
-3.06657849868771 0.4563204333948 0
-3.10634193032363 0.451976529098439 0
-3.14610536195955 0.447632624802078 0
-3.18586879359546 0.443288720505718 0
-3.22563222523138 0.438944816209358 0
-3.26539565686729 0.434600911912997 0
-3.30515908850321 0.430257007616637 0
-3.31914810040749 0.392782915953971 0
-3.30988327931525 0.353870667366557 0
-3.30061845822301 0.314958418779143 0
-3.29135363713077 0.276046170191728 0
-3.26702403611242 0.244296043982718 0
-3.24064044049607 0.214231016419901 0
-3.21425684487972 0.184165988857083 0
-3.17426296702183 0.183466178962699 0
-3.13461385099453 0.188752727766339 0
-3.09496473496722 0.194039276569981 0
-3.05531561893992 0.199325825373621 0
-3.01566650291261 0.204612374177262 0
-2.9760173868853 0.209898922980903 0
-2.936368270858 0.215185471784543 0
-2.8967191548307 0.220472020588184 0
-2.85707003880339 0.225758569391825 0
-2.81742092277609 0.231045118195465 0
-2.77777180674878 0.236331666999106 0
-2.73812269072147 0.241618215802747 0
-2.69847357469417 0.246904764606387 0
-2.73396042360526 0.228447149528544 0
-2.77148126858872 0.214584026080837 0
-2.8090021135722 0.200720902633128 0
-2.84652295855567 0.186857779185419 0
-2.88404380353914 0.172994655737711 0
-2.92156464852262 0.159131532290002 0
-2.95908549350609 0.145268408842293 0
-2.99660633848956 0.131405285394584 0
-3.03412718347303 0.117542161946877 0
-3.0716480284565 0.103679038499168 0
-3.10916887343998 0.0898159150514591 0
-3.1130584006374 0.0500054694601267 0
-3.08408177124069 0.0224309350342218 0
-3.05510514184398 -0.00514359939168387 0
-3.02612851244726 -0.0327181338175903 0
-2.9890892526118 -0.047820889554241 0
-2.95202659214048 -0.0628661279633882 0
-2.91496393166917 -0.0779113663725361 0
-2.87790127119785 -0.0929566047816833 0
-2.84083861072654 -0.108001843190831 0
-2.80366302564709 -0.0932378371626424 0
-2.76778544537697 -0.0755517060435694 0
-2.73190786510685 -0.0578655749244965 0
-2.69603028483673 -0.0401794438054216 0
-2.66015270456661 -0.0224933126863487 0
-2.62427512429649 -0.0048071815672757 0
-2.58839754402637 0.0128789495517991 0
-2.55251996375625 0.0305650806708721 0
-2.51664238348613 0.048251211789945 0
-2.48076480321601 0.065937342909018 0
-2.44488722294589 0.083623474028091 0
-2.40900964267577 0.101309605147164 0
-2.37313206240565 0.118995736266237 0
-2.33725448213553 0.13668186738531 0
-2.36550968612678 0.108368558722901 0
-2.39780267756248 0.0847642645344746 0
-2.43009566899819 0.0611599703460455 0
-2.46238866043389 0.0375556761576165 0
-2.49468165186959 0.0139513819691875 0
-2.52697464330529 -0.00965291221923936 0
-2.55926763474099 -0.0332572064076662 0
-2.5915606261767 -0.0568615005960953 0
-2.6238536176124 -0.0804657947845221 0
-2.6561466090481 -0.104070088972949 0
-2.6884396004838 -0.127674383161376 0
-2.7207325919195 -0.151278677349803 0
-2.74209813886836 -0.185094552372874 0
-2.72651333739669 -0.221933580089258 0
-2.68987649806539 -0.237987925414208 0
-2.6532396587341 -0.254042270739159 0
-2.6166028194028 -0.27009661606411 0
-2.57883749106764 -0.283279179386067 0
-2.5391622244802 -0.288365752025482 0
-2.49948695789277 -0.293452324664897 0
-2.45981169130534 -0.298538897304312 0
-2.4201364247179 -0.303625469943726 0
-2.38046115813047 -0.308712042583141 0
-2.34941628178741 -0.283488726923929 0
-2.32442847988524 -0.252253974546208 0
-2.29944067798306 -0.221019222168486 0
-2.27445287608088 -0.189784469790765 0
-2.2494650741787 -0.158549717413044 0
-2.22447727227653 -0.127314965035323 0
-2.19561804261242 -0.099617584957163 0
-2.16614199092089 -0.0725775705955133 0
-2.13666593922936 -0.0455375562338621 0
-2.10718988753783 -0.018497541872211 0
-2.0777138358463 0.0085424724894402 0
-2.04823778415477 0.0355824868510914 0
-2.01876173246324 0.0626225012127411 0
-2.0306442048955 0.0244281711505859 0
-2.0512240351126 -0.00987154587791896 0
-2.0718038653297 -0.0441712629064214 0
-2.0923836955468 -0.0784709799349215 0
-2.1129635257639 -0.112770696963424 0
-2.133543355981 -0.147070413991926 0
-2.1541231861981 -0.181370131020429 0
-2.17470301641521 -0.215669848048931 0
-2.19528284663231 -0.249969565077434 0
-2.21420783526946 -0.285209383537289 0
-2.23303136468123 -0.320503501184348 0
-2.25185489409299 -0.355797618831408 0
-2.27067842350476 -0.391091736478467 0
-2.23099460221196 -0.396111131621447 0
-2.19116542397905 -0.39980390311324 0
-2.15133624574613 -0.403496674605034 0
-2.11150706751322 -0.407189446096827 0
-2.0716778892803 -0.410882217588621 0
-2.03184871104739 -0.414574989080414 0
-1.99201953281447 -0.418267760572208 0
-1.96848589619089 -0.385923240985902 0
-1.94750993519473 -0.35186433524471 0
-1.92653397419856 -0.317805429503518 0
-1.9055580132024 -0.283746523762322 0
-1.88458205220623 -0.249687618021125 0
-1.86360609121007 -0.215628712279933 0
-1.84263013021391 -0.181569806538741 0
-1.82165416921775 -0.147510900797549 0
-1.80067820822158 -0.113451995056357 0
-1.77970224722542 -0.0793930893151655 0
-1.75872628622926 -0.0453341835739736 0
-1.73775032523309 -0.0112752778327774 0
-1.71677436423693 0.0227836279084188 0
-1.69579840324076 0.0568425336496108 0
-1.6748224422446 0.0909014393908027 0
-1.65384648124844 0.124960345131995 0
-1.63287052025228 0.159019250873187 0
-1.64107114203165 0.119868902184679 0
-1.65278796285816 0.0816234304302418 0
-1.66450478368466 0.0433779586758042 0
-1.67622160451117 0.0051324869213665 0
-1.68793842533767 -0.0331129848330757 0
-1.69965524616418 -0.071358456587518 0
-1.71137206699068 -0.109603928341956 0
-1.72308888781719 -0.147849400096393 0
-1.73480570864369 -0.186094871850831 0
-1.74652252947019 -0.224340343605269 0
-1.7582393502967 -0.262585815359706 0
-1.7699561711232 -0.300831287114144 0
-1.78167299194971 -0.339076758868582 0
-1.79338981277621 -0.377322230623019 0
-1.80510663360271 -0.415567702377457 0
-1.81682345442922 -0.453813174131899 0
-1.78014730075875 -0.469777501613525 0
-1.74063150054073 -0.463572541248711 0
-1.7011157003227 -0.457367580883897 0
-1.66159990010467 -0.451162620519083 0
-1.62208409988665 -0.444957660154268 0
-1.59055686337216 -0.420339915380227 0
-1.57828594556485 -0.382268606285759 0
-1.56601502775754 -0.344197297191291 0
-1.55374410995024 -0.306125988096826 0
-1.54147319214293 -0.268054679002361 0
-1.52920227433562 -0.229983369907897 0
-1.51693135652832 -0.191912060813432 0
-1.50466043872101 -0.153840751718967 0
-1.4923895209137 -0.115769442624502 0
-1.4801186031064 -0.0776981335300377 0
-1.46784768529909 -0.0396268244355729 0
-1.45557676749178 -0.00155551534110815 0
-1.43881515843734 0.0347631914352308 0
-1.41966107321011 0.0698790143518064 0
-1.40050698798289 0.104994837268382 0
-1.38135290275567 0.140110660184958 0
-1.36219881752844 0.175226483101533 0
-1.34304473230122 0.210342306018109 0
-1.323890647074 0.245458128934684 0
-1.30473656184677 0.28057395185126 0
-1.28558247661955 0.315689774767836 0
-1.29520839107119 0.276865275144921 0
-1.30614373331858 0.238389070941125 0
-1.31707907556598 0.199912866737326 0
-1.32801441781337 0.16143666253353 0
-1.33894976006077 0.122960458329734 0
-1.34988510230816 0.0844842541259373 0
-1.36082044455556 0.046008049922141 0
-1.37175578680295 0.00753184571834227 0
-1.38269112905035 -0.030944358485454 0
-1.3903641979641 -0.0702015108712926 0
-1.39768051461142 -0.109526712850636 0
-1.40499683125874 -0.148851914829979 0
-1.41231314790606 -0.188177116809322 0
-1.41962946455338 -0.227502318788665 0
-1.4269457812007 -0.266827520768008 0
-1.43426209784802 -0.306152722747351 0
-1.44157841449534 -0.345477924726695 0
-1.44889473114266 -0.384803126706038 0
-1.45621104778998 -0.424128328685384 0
-1.41742500450477 -0.433908044748636 0
-1.37756045295745 -0.430619043390952 0
-1.33769590141013 -0.427330042033268 0
-1.2978313498628 -0.424041040675584 0
-1.25796679831548 -0.4207520393179 0
-1.22912157356535 -0.393040074228533 0
-1.21458776250568 -0.355773892024261 0
-1.20005395144602 -0.318507709819991 0
-1.18552014038635 -0.281241527615719 0
-1.17098632932668 -0.243975345411447 0
-1.15645251826702 -0.206709163207175 0
-1.14191870720735 -0.169442981002903 0
-1.12738489614769 -0.132176798798633 0
-1.11285108508802 -0.0949106165943635 0
-1.09831727402836 -0.0576444343900914 0
-1.08011293405284 -0.0220269947564505 0
-1.06003776692574 0.0125705147611312 0
-1.03996259979864 0.0471680242787129 0
-1.01988743267155 0.0817655337962946 0
-0.999812265544448 0.116363043313876 0
-0.979737098417349 0.150960552831458 0
-0.959661931290251 0.18555806234904 0
-0.969982253049378 0.146912351606603 0
-0.984905213120919 0.109800288032842 0
-0.999828173192461 0.0726882244590787 0
-1.014751133264 0.0355761608853152 0
-1.02967409333554 -0.00153590268844832 0
-1.04459705340709 -0.0386479662622118 0
-1.05952001347863 -0.0757600298359753 0
-1.07444297355017 -0.112872093409739 0
-1.08940491190897 -0.149968459816 0
-1.1044599937872 -0.187027122900891 0
-1.11951507566544 -0.224085785985785 0
-1.13457015754368 -0.261144449070676 0
-1.14962523942192 -0.29820311215557 0
-1.16468032130015 -0.335261775240463 0
-1.17973540317839 -0.372320438325357 0
-1.19479048505663 -0.409379101410248 0
-1.15529989678666 -0.403015655952677 0
-1.11669073866636 -0.392559418137759 0
-1.07808158054607 -0.382103180322842 0
-1.03947242242577 -0.371646942507925 0
-1.00700948943406 -0.348276919367681 0
-0.979208605560162 -0.319517384325717 0
-0.957986226847297 -0.285611475670031 0
-0.939356369533993 -0.250214746774754 0
-0.920726512220688 -0.214818017879474 0
-0.902096654907383 -0.179421288984194 0
-0.883466797594078 -0.144024560088914 0
-0.864836940280773 -0.108627831193635 0
-0.842571304638405 -0.0753977022525486 0
-0.818899067634074 -0.0431544828845804 0
-0.795226830629745 -0.0109112635166144 0
-0.771554593625415 0.0213319558513517 0
-0.746992804961347 0.0529028053429607 0
-0.716834312138783 0.0791795119606404 0
-0.686675819316222 0.105456218578318 0
-0.65651732649366 0.131732925195995 0
-0.626358833671099 0.158009631813672 0
-0.596200340848537 0.18428633843135 0
-0.566041848025976 0.210563045049027 0
-0.592008372015042 0.180137075353297 0
-0.618533986526332 0.150197272835604 0
-0.645059601037622 0.12025747031791 0
-0.671585215548912 0.0903176678002164 0
-0.698110830060202 0.0603778652825228 0
-0.724636444571492 0.0304380627648291 0
-0.751054050925446 0.000402915444938238 0
-0.768216323508177 -0.035728184729233 0
-0.78537859609091 -0.0718592849034064 0
-0.802540868673641 -0.107990385077578 0
-0.819703141256372 -0.144121485251749 0
-0.836780886608081 -0.18029261481252 0
-0.853845633636601 -0.216469878512981 0
-0.869643151382535 -0.253218190488729 0
-0.876219110874749 -0.292673947442015 0
-0.840336328622575 -0.310349522053411 0
-0.800680708219772 -0.305111987283229 0
-0.764255762029368 -0.28858251980765 0
-0.73363824546087 -0.262842129772187 0
-0.703020728892373 -0.237101739736725 0
-0.672403212323875 -0.211361349701263 0
-0.641785695755378 -0.1856209596658 0
-0.611168179186881 -0.159880569630338 0
-0.580550662618383 -0.134140179594876 0
-0.547538694931281 -0.111552351248048 0
-0.513271532243175 -0.0909183608121993 0
-0.479004369555069 -0.0702843703763503 0
-0.44473720686696 -0.0496503799404999 0
-0.410470044178852 -0.0290163895046495 0
-0.373228067965346 -0.0144206638388006 0
-0.334361363838867 -0.00496660067290007 0
-0.29549465971239 0.00448746249299996 0
-0.256627955585912 0.0139415256589005 0
-0.284105440294021 -0.0151271487882701 0
-0.311645766670853 -0.044136292571867 0
-0.339186093047687 -0.073145436355466 0
-0.366726419424522 -0.102154580139065 0
-0.394266745801356 -0.131163723922664 0
-0.413707578963495 -0.166121612960223 0
-0.432217840422955 -0.201581029490995 0
-0.450728101882412 -0.237040446021763 0
-0.46923836334187 -0.272499862552531 0
-0.487748624801328 -0.3079592790833 0
-0.506258886260785 -0.343418695614068 0
-0.524769147720243 -0.378878112144836 0
-0.543279409179701 -0.414337528675604 0
-0.557947837666076 -0.451550929564798 0
-0.56882020221328 -0.490044977015707 0
-0.579692566760483 -0.528539024466614 0
-0.590564931307685 -0.567033071917521 0
-0.601437295854888 -0.605527119368427 0
-0.612309660402092 -0.644021166819337 0
-0.623423889328292 -0.682446079511185 0
-0.635973877995881 -0.720426308373626 0
-0.64852386666347 -0.758406537236068 0
-0.66107385533106 -0.796386766098509 0
-0.673623843998648 -0.834366994960948 0
-0.686173832666237 -0.872347223823389 0
-0.701533705487523 -0.909280600421175 0
-0.719897644865095 -0.944816015580374 0
-0.738261584242668 -0.980351430739572 0
-0.75662552362024 -1.01588684589877 0
-0.774989462997815 -1.05142226105797 0
-0.793353402375389 -1.08695767621718 0
-0.811717341752963 -1.12249309137638 0
-0.830081281130538 -1.15802850653558 0
-0.843093488179477 -1.19585286995013 0
-0.85279491318093 -1.23465856995594 0
-0.862496338182383 -1.27346426996175 0
-0.872197763183837 -1.31226996996756 0
-0.88189918818529 -1.35107566997338 0
-0.891600613186744 -1.38988136997919 0
-0.900058072919284 -1.42897703949479 0
-0.904976222876056 -1.46867353557445 0
-0.909894372832828 -1.50837003165411 0
-0.914812522789601 -1.54806652773377 0
-0.919730672746373 -1.58776302381343 0
-0.924648822703146 -1.6274595198931 0
-0.921567648938227 -1.6673406729385 0
-0.917913271026273 -1.7071733921788 0
-0.914258893114319 -1.7470061114191 0
-0.910604515202364 -1.7868388306594 0
-0.90695013729041 -1.8266715498997 0
-0.898441148869599 -1.86575603679738 0
-0.888812821356318 -1.90457993806061 0
-0.879184493843037 -1.94340383932384 0
-0.869556166329756 -1.98222774058707 0
-0.859927838816476 -2.02105164185029 0
-0.850299511303195 -2.05987554311352 0
-0.837450010901527 -2.09775548951565 0
-0.823722292784586 -2.13532608646728 0
-0.784029524681325 -2.14027423362564 0
-0.768494821342455 -2.1034140519634 0
-0.761048465612724 -2.06411326588543 0
-0.763560976926684 -2.02419225278584 0
-0.766073488240644 -1.98427123968626 0
-0.768585999554604 -1.94435022658667 0
-0.771098510868565 -1.90442921348708 0
-0.773611022182525 -1.8645082003875 0
-0.776123533496485 -1.82458718728791 0
-0.777047577099044 -1.7845978619195 0
-0.777047577099044 -1.7445978619195 0
-0.777047577099044 -1.7045978619195 0
-0.777047577099044 -1.6645978619195 0
-0.777047577099044 -1.6245978619195 0
-0.777047577099044 -1.5845978619195 0
-0.77117196882093 -1.62416397402774 0
-0.767863838637202 -1.66402694274167 0
-0.764555708453474 -1.70388991145559 0
-0.761247578269745 -1.74375288016952 0
-0.757939448086017 -1.78361584888344 0
-0.754631317902289 -1.82347881759737 0
-0.75132318771856 -1.8633417863113 0
-0.748015057534832 -1.90320475502522 0
-0.744706927351103 -1.94306772373915 0
-0.741398797167375 -1.98293069245307 0
-0.738210589731456 -2.02280343167858 0
-0.735166012361057 -2.06268739523081 0
-0.732121434990658 -2.10257135878304 0
-0.729076857620258 -2.14245532233527 0
-0.726032280249859 -2.1823392858875 0
-0.72298770287946 -2.22222324943973 0
-0.711897046501558 -2.26065497254847 0
-0.686187638564377 -2.29129850928168 0
-0.660478230627195 -2.32194204601489 0
-0.634768822690011 -2.3525855827481 0
-0.60905941475283 -2.3832291194813 0
-0.583350006815646 -2.41387265621451 0
-0.557640598878464 -2.44451619294772 0
-0.517847678742134 -2.44858110463479 0
-0.510926778675793 -2.40918438976829 0
-0.516275143923778 -2.36954356498911 0
-0.521623509171763 -2.32990274020992 0
-0.526971874419749 -2.29026191543074 0
-0.532320239667734 -2.25062109065155 0
-0.53766860491572 -2.21098026587236 0
-0.544750520306708 -2.17161217632772 0
-0.552543481442501 -2.13237864785097 0
-0.560336442578294 -2.09314511937422 0
-0.568129403714087 -2.05391159089747 0
-0.575922364849881 -2.01467806242072 0
-0.583715325985674 -1.97544453394396 0
-0.591508287121467 -1.93621100546721 0
-0.581886175472928 -1.97503644773673 0
-0.572640012426962 -2.0139531339899 0
-0.563393849380996 -2.05286982024307 0
-0.55414768633503 -2.09178650649624 0
-0.544901523289064 -2.13070319274941 0
-0.535655360243098 -2.16961987900258 0
-0.526409197197132 -2.20853656525575 0
-0.517163034151166 -2.24745325150892 0
-0.5079168711052 -2.28636993776209 0
-0.498670708059234 -2.32528662401526 0
-0.489424545013268 -2.36420331026843 0
-0.480178381967304 -2.40311999652159 0
-0.470932218921338 -2.44203668277476 0
-0.445481976025171 -2.47289580033386 0
-0.414753124841276 -2.49850317632044 0
-0.384024273657381 -2.52411055230701 0
-0.349315714558474 -2.54399310559571 0
-0.311227101897195 -2.55621020777008 0
-0.273138489235915 -2.56842730994445 0
-0.27075727287643 -2.52849825024291 0
-0.274574347451811 -2.48868079249275 0
-0.284817087956369 -2.45001444708804 0
-0.295059828460928 -2.41134810168333 0
-0.305302568965487 -2.37268175627862 0
-0.315545309470047 -2.33401541087391 0
-0.325788049974606 -2.2953490654692 0
-0.336030790479164 -2.25668272006449 0
-0.346273530983723 -2.21801637465978 0
-0.35253430302716 -2.17850937865376 0
-0.357847622473745 -2.13886384124463 0
-0.363160941920329 -2.0992183038355 0
-0.368474261366913 -2.05957276642637 0
-0.354844587756162 -2.09717904246195 0
-0.344779233685565 -2.13589194273348 0
-0.334713879614967 -2.17460484300501 0
-0.324648525544369 -2.21331774327654 0
-0.31458317147377 -2.25203064354807 0
-0.304517817403172 -2.29074354381961 0
-0.293310787153896 -2.3291414926319 0
-0.280997975737309 -2.36719927337408 0
-0.268685164320723 -2.40525705411626 0
-0.256372352904137 -2.44331483485843 0
-0.244059541487551 -2.48137261560061 0
-0.231746730070965 -2.51943039634278 0
-0.219433918654379 -2.55748817708496 0
-0.187966501741016 -2.58218233981222 0
-0.153729880063184 -2.60286696540925 0
-0.116531857780322 -2.61757434920936 0
-0.0768139860535451 -2.61283191676437 0
-0.0370961143267686 -2.60808948431938 0
-0.00397053773544858 -2.58566859728313 0
-0.00869905332685278 -2.54594906631533 0
-0.0166235433186995 -2.50674189275781 0
-0.0279497517235295 -2.46837892880597 0
-0.0392759601283587 -2.43001596485413 0
-0.0506021685331879 -2.39165300090229 0
-0.0619283769380171 -2.35329003695045 0
-0.0741537037000295 -2.31520406334386 0
-0.0879819180531238 -2.27767033867118 0
-0.101810132406219 -2.24013661399849 0
-0.115638346759313 -2.2026028893258 0
-0.129466561112408 -2.16506916465312 0
-0.143577407644364 -2.12764077956704 0
-0.157862906295029 -2.090278706173 0
-0.172148404945693 -2.05291663277895 0
-0.151846047277298 -2.08738131431099 0
-0.134139341164044 -2.12324874464297 0
-0.116432635050792 -2.15911617497494 0
-0.0987259289375396 -2.19498360530691 0
-0.0810192228242874 -2.23085103563888 0
-0.0633125167110352 -2.26671846597085 0
-0.045605810597783 -2.30258589630283 0
-0.0269353901485046 -2.33796124648127 0
-0.00744074377793861 -2.37288915456186 0
0.0120539025926273 -2.40781706264246 0
0.031548548963192 -2.44274497072306 0
0.0510431953337567 -2.47767287880365 0
0.070926573990698 -2.51238096508315 0
0.0908412747328303 -2.54707108895654 0
0.117996598809193 -2.57644094381331 0
0.151278610582707 -2.5542529359643 0
0.184560622356221 -2.53206492811529 0
0.217842634129735 -2.50987692026628 0
0.250941137909729 -2.48741608663247 0
0.245121378289936 -2.44784172121788 0
0.234629634788668 -2.40924219637231 0
0.21758651068222 -2.37305474107779 0
0.200543386575774 -2.33686728578328 0
0.183500262469326 -2.30067983048877 0
0.166457138362878 -2.26449237519426 0
0.149414014256432 -2.22830491989975 0
0.132370890149984 -2.19211746460524 0
0.115327766043537 -2.15593000931073 0
0.136329930926051 -2.18997276287515 0
0.155861410215044 -2.22488008756186 0
0.175392889504039 -2.25978741224857 0
0.194924368793032 -2.29469473693528 0
0.214455848082024 -2.32960206162199 0
0.233987327371017 -2.3645093863087 0
0.253518806660012 -2.39941671099542 0
0.273050285949007 -2.43432403568213 0
0.312581469415386 -2.42821784753013 0
0.346275559671313 -2.40666075399168 0
0.379969649927241 -2.38510366045323 0
0.413663740183168 -2.36354656691478 0
0.412436321553365 -2.32356540330606 0
0.402384916216693 -2.28484887904629 0
0.392333510880021 -2.24613235478651 0
0.382282105543348 -2.20741583052673 0
0.372230700206675 -2.16869930626696 0
0.362179294870002 -2.12998278200718 0
0.338639738938549 -2.09764257009461 0
0.310355467691087 -2.06935829884714 0
0.282071196443624 -2.04107402759968 0
0.25833051262138 -2.00888117231078 0
0.24302089951019 -1.97192693376653 0
0.227711286398999 -1.93497269522228 0
0.212401673287807 -1.89801845667802 0
0.196970428327936 -1.86111484331851 0
0.171982626425759 -1.82988009094078 0
0.14699482452358 -1.79864533856306 0
0.122007022621403 -1.76741058618534 0
0.0970192207192274 -1.73617583380762 0
0.0679834489148786 -1.70866358279601 0
0.0362978092036112 -1.68425005711684 0
0.00461216949234174 -1.65983653143766 0
-0.0270734702189257 -1.63542300575849 0
-0.0585039625401605 -1.61068186284946 0
-0.0881015654759984 -1.58377495108961 0
-0.117699168411836 -1.55686803932976 0
-0.147296771347673 -1.52996112756991 0
-0.156925995885429 -1.49113744877975 0
-0.157560836550498 -1.45114248688041 0
-0.158195677215567 -1.41114752498106 0
-0.157782833208145 -1.37114965553998 0
-0.149938187802618 -1.33192642851234 0
-0.142093542397091 -1.29270320148471 0
-0.134248896991563 -1.25347997445707 0
-0.127566971768977 -1.21404202477254 0
-0.121705025325399 -1.17447388627839 0
-0.11584307888182 -1.13490574778423 0
-0.10789331478066 -1.17410780449987 0
-0.104901716850995 -1.21399577689541 0
-0.101910118921329 -1.25388374929094 0
-0.0989185209916641 -1.29377172168648 0
-0.0959269230619988 -1.33365969408202 0
-0.0929353251323335 -1.37354766647755 0
-0.0853976658111122 -1.41283104326669 0
-0.074791406490271 -1.45139925897884 0
-0.0575000992288443 -1.48746878480316 0
-0.0229489431929063 -1.50762362582412 0
0.0148895847045056 -1.52059458594884 0
0.0538802271132814 -1.52952374069894 0
0.0928708695220573 -1.53845289544904 0
0.131861511930833 -1.54738205019914 0
0.170852154339609 -1.55631120494924 0
0.209842796748385 -1.56524035969935 0
0.248833439157161 -1.57416951444945 0
0.287824081565928 -1.58309866919955 0
0.327458732150799 -1.58849259847375 0
0.367149847219345 -1.59345398785732 0
0.406840962287891 -1.59841537724089 0
0.444175192616968 -1.61277348455821 0
0.479184854034538 -1.63212092902581 0
0.513577499642428 -1.65254507963459 0
0.543473872389774 -1.67911963318779 0
0.574525314758 -1.70433486522821 0
0.61451762762427 -1.70511902822559 0
0.654509940490539 -1.70590319122297 0
0.693737271618013 -1.69807909430285 0
0.710934614833707 -1.66196467354989 0
0.708940869233786 -1.62201439221818 0
0.697347893394832 -1.58373119863147 0
0.670773339841635 -1.55383482588413 0
0.642057274513316 -1.52598904358124 0
0.607595736051777 -1.50568135127355 0
0.573134197590238 -1.48537365896585 0
0.5386726591287 -1.46506596665816 0
0.506430008755637 -1.44139295466305 0
0.476871774999103 -1.41444280035563 0
0.447313541242569 -1.3874926460482 0
0.409617118428423 -1.37411431629381 0
0.370998412919065 -1.36369339575954 0
0.332379707409708 -1.35327247522526 0
0.293770343000101 -1.34281699915354 0
0.255277966875811 -1.33193871894451 0
0.216785590751525 -1.32106043873547 0
0.187061192410462 -1.29429366561539 0
0.18037686320616 -1.25485612331001 0
0.173692534001859 -1.21541858100464 0
0.167249784156478 -1.17594085343035 0
0.168443282382153 -1.13595866287023 0
0.169636780607828 -1.09597647231011 0
0.170830278833504 -1.05599428175 0
0.171710396685147 -1.0160039655151 0
0.170910556637163 -0.976011963115896 0
0.170110716589179 -0.936019960716696 0
0.206946929843895 -0.951611413280623 0
0.232554305830475 -0.982340264464519 0
0.254592308995928 -1.01572179253738 0
0.267755329061111 -1.05349393707225 0
0.280918349126294 -1.09126608160713 0
0.294081369191478 -1.129038226142 0
0.309998176640376 -1.16573502764615 0
0.332556642486677 -1.19876706692109 0
0.355115108332978 -1.23179910619603 0
0.389266018107353 -1.25262494019092 0
0.429169022140803 -1.25540887070488 0
0.469120776745205 -1.25737287274911 0
0.504459260827941 -1.23863276755372 0
0.539797744910672 -1.21989266235833 0
0.575136228993407 -1.20115255716294 0
0.610474713076142 -1.18241245196755 0
0.650103921615801 -1.17697868435009 0
0.690102943608735 -1.17669897090958 0
0.730101965601669 -1.17641925746907 0
0.770100987594603 -1.17613954402856 0
0.810100009587538 -1.17585983058805 0
0.850099031580472 -1.17558011714754 0
0.890098053573406 -1.17530040370703 0
0.93009707556634 -1.17502069026652 0
0.967004645860873 -1.19044246885896 0
0.995748731531538 -1.2182593259596 0
1.0244928172022 -1.24607618306025 0
1.05323690287287 -1.27389304016089 0
1.08198098854353 -1.30170989726153 0
1.11983745204529 -1.31462841773178 0
1.15980417416931 -1.31625971251235 0
1.19977089629333 -1.31789100729292 0
1.2281627884812 -1.28971476804791 0
1.25162318096727 -1.25731708318619 0
1.24952132759613 -1.21737234370267 0
1.24190222886191 -1.17810468099557 0
1.2342831301277 -1.13883701828848 0
1.22666403139349 -1.09956935558138 0
1.20430157679479 -1.0664043043328 0
1.18077470888778 -1.03405486096067 0
1.14472493013404 -1.0167224216688 0
1.10504027502907 -1.01170962312922 0
1.06535561992408 -1.00669682458964 0
1.0256709648191 -1.00168402605007 0
0.985986309714111 -0.996671227510488 0
0.946301654609125 -0.991658428970911 0
0.906616999504139 -0.986645630431334 0
0.866932344399153 -0.981632831891757 0
0.827247689294168 -0.976620033352179 0
0.787563034189182 -0.971607234812602 0
0.747878379084196 -0.966594436273025 0
0.708565232342907 -0.959213616989381 0
0.669604911261341 -0.95015307720297 0
0.630644590179775 -0.941092537416559 0
0.591684269098208 -0.932031997630148 0
0.552723948016636 -0.922971457843736 0
0.592604961318187 -0.919888475839019 0
0.632590360113103 -0.920969162292936 0
0.672575758908019 -0.922049848746852 0
0.712525056150935 -0.920036480971918 0
0.750646763583163 -0.907923041227098 0
0.788768471015392 -0.895809601482278 0
0.82689017844762 -0.883696161737457 0
0.865011885879849 -0.871582721992637 0
0.903133593312077 -0.859469282247817 0
0.941255300744305 -0.847355842502996 0
0.976374428741777 -0.828207817834721 0
1.01019398486301 -0.806848098179206 0
1.04401354098425 -0.785488378523687 0
1.07783309710549 -0.764128658868168 0
1.11165265322673 -0.742768939212648 0
1.14547220934796 -0.721409219557129 0
1.1792917654692 -0.70004949990161 0
1.21311132159044 -0.678689780246091 0
1.2492534720826 -0.66155079084174 0
1.28548108114494 -0.644593186599794 0
1.32170869020728 -0.627635582357848 0
1.36093772720402 -0.619820042945358 0
1.4002405370319 -0.612384376221165 0
1.43971318647632 -0.618858165361818 0
1.47842853459315 -0.628914099937617 0
1.51714388270998 -0.638970034513417 0
1.55585923082681 -0.649025969089217 0
1.59454955360393 -0.659177763186897 0
1.63314010645344 -0.669702459418581 0
1.67173065930295 -0.680227155650265 0
1.71032121215246 -0.69075185188195 0
1.7503098434908 -0.691705457506119 0
1.7903098434908 -0.691705457506119 0
1.83000367548027 -0.696645062955124 0
1.86785766972299 -0.709570817086784 0
1.90571166396571 -0.722496571218445 0
1.94126266198036 -0.74083032533925 0
1.97643434064183 -0.759881651280881 0
2.0116060193033 -0.778932977222509 0
2.04367863374711 -0.802835851583948 0
2.07440748493101 -0.828443227570527 0
2.09801420329113 -0.860734446938426 0
2.11264029818805 -0.89796450667604 0
2.12883216716844 -0.934540774650258 0
2.15038064887065 -0.968240373109732 0
2.18342974258295 -0.990773846095392 0
2.22317925182058 -0.995243355617401 0
2.24520615724519 -0.961854503624328 0
2.25316477337458 -0.922654243047325 0
2.25882162762407 -0.883056263300879 0
2.25223868536804 -0.843601670776643 0
2.24429218825623 -0.804398951691713 0
2.23634569114441 -0.765196232606784 0
2.2283991940326 -0.725993513521849 0
2.21480173239742 -0.688375578476455 0
2.1966634426486 -0.652724457246015 0
2.17852515289977 -0.617073336015572 0
2.16038686315095 -0.581422214785129 0
2.15700907445715 -0.541565088150859 0
2.15622491145977 -0.50157277528459 0
2.15544074846239 -0.461580462418321 0
2.15465658546501 -0.421588149552052 0
2.15387242246764 -0.381595836685782 0
2.15308825947026 -0.341603523819513 0
2.14171917402695 -0.30325324486117 0
2.13001060314319 -0.265005246640873 0
2.11824629385462 -0.226774355636834 0
2.09912337482696 -0.191641550911598 0
2.0800004557993 -0.156508746186362 0
2.06087753677164 -0.121375941461125 0
2.04175461774398 -0.0862431367358889 0
2.02263169871632 -0.0511103320106526 0
1.99001334484719 -0.0279577297623411 0
1.95522590823775 -0.00821350898400497 0
1.92404250267451 0.0168383415959116 0
1.90023340064948 0.0489806293297012 0
1.87090609940546 0.0761819050671078 0
1.8364514632701 0.0965013058648804 0
1.80199682713475 0.116820706662653 0
1.76824625355359 0.138289260012674 0
1.7346176459593 0.159948363208997 0
1.700989038365 0.18160746640532 0
1.66736043077071 0.203266569601644 0
1.62803649697616 0.210589699459957 0
1.58820454288134 0.214252407882469 0
1.54837258878652 0.217915116304981 0
1.5085406346917 0.221577824727493 0
1.46870868059689 0.225240533150004 0
1.42949298853252 0.23312275973344 0
1.39054833610981 0.242250412645014 0
1.3516036836871 0.251378065556586 0
1.31265903126438 0.26050571846816 0
1.27634244970541 0.277271931632442 0
1.24012409226705 0.294249286681669 0
1.2039057348287 0.311226641730897 0
1.16768737739034 0.328203996780126 0
1.13046981878795 0.342861872877193 0
1.09313599453982 0.357221036049549 0
1.0558021702917 0.371580199221904 0
1.01846834604358 0.385939362394258 0
0.979758891810105 0.396017961153345 0
1.00915555738051 0.423144259340566 0
1.04743653355784 0.43474455515188 0
1.08571750973518 0.446344850963194 0
1.122271349944 0.4625872881568 0
1.1577046113552 0.481147567943623 0
1.19313787276641 0.499707847730445 0
1.22857113417762 0.518268127517268 0
1.25879619354459 0.544468237941898 0
1.28378399544677 0.575702990319622 0
1.30877179734894 0.606937742697341 0
1.33375959925112 0.638172495075061 0
1.35788701834591 0.670076533186626 0
1.37594333072067 0.70576924369487 0
1.39399964309543 0.741461954203113 0
1.41205595547019 0.777154664711356 0
1.43011226784495 0.812847375219599 0
1.44816858021971 0.848540085727842 0
1.46923191929995 0.882545022822188 0
1.49200031845317 0.915432710487941 0
1.51476871760638 0.948320398153693 0
1.53753711675959 0.981208085819442 0
1.56064268397363 1.01385977434726 0
1.58860000188567 1.0424672624433 0
1.61655731979771 1.07107475053934 0
1.64451463770975 1.09968223863538 0
1.67247195562179 1.12828972673142 0
1.70042927353383 1.15689721482747 0
1.72838659144587 1.18550470292351 0
1.75634390935791 1.21411219101955 0
1.79619888943451 1.21751521366034 0
1.83614639597358 1.21956380373927 0
1.87609390251264 1.2216123938182 0
1.9160414090517 1.22366098389712 0
1.95565761403851 1.22918875943916 0
1.99446331404432 1.23889018444062 0
2.03326901405014 1.24859160944207 0
2.07261977113199 1.25576920772317 0
2.11253678349073 1.25834449884308 0
2.12820418895399 1.29514847153694 0
2.12625528680545 1.33510096558193 0
2.12430638465692 1.37505345962692 0
2.12235748250838 1.41500595367192 0
2.12040858035984 1.45495844771692 0
2.11845967821131 1.49491094176191 0
2.11651077606277 1.53486343580691 0
2.07653336818911 1.53620763062254 0
2.03725485148009 1.52864468641148 0
1.99797633477108 1.52108174220043 0
1.95869781806207 1.51351879798938 0
1.91941930135305 1.50595585377833 0
1.88014078464404 1.49839290956727 0
1.84086226793503 1.49082996535622 0
1.80158375122601 1.48326702114517 0
1.762305234517 1.47570407693412 0
1.79622844238108 1.49689879250689 0
1.83239307299895 1.51399029601807 0
1.86855770361682 1.53108179952926 0
1.90472233423471 1.54817330304045 0
1.94088696485257 1.56526480655163 0
1.97705159547043 1.58235631006281 0
2.0132162260883 1.599447813574 0
2.04938085670617 1.61653931708518 0
2.08063426949988 1.64150377559617 0
2.07754276919882 1.68138412947985 0
2.07445126889775 1.72126448336354 0
2.07135976859669 1.76114483724724 0
2.06826826829563 1.80102519113093 0
2.06517676799457 1.84090554501462 0
2.06208526769351 1.88078589889831 0
2.05899376739245 1.92066625278201 0
2.02007279334392 1.92989435004601 0
1.98026315414114 1.92599657804847 0
1.94617461741405 1.90506880550083 0
1.91208608068697 1.88414103295319 0
1.87799754395989 1.86321326040555 0
1.8439090072328 1.84228548785791 0
1.80982047050571 1.82135771531026 0
1.77573193377862 1.80042994276261 0
1.74164339705153 1.77950217021497 0
1.70755486032444 1.75857439766733 0
1.67346632359735 1.73764662511969 0
1.63937778687027 1.71671885257205 0
1.66799595980443 1.7446652329801 0
1.69867903461052 1.77032744099974 0
1.72936210941662 1.79598964901939 0
1.76004518422271 1.82165185703903 0
1.79072825902881 1.84731406505868 0
1.82141133383491 1.87297627307832 0
1.852094408641 1.89863848109796 0
1.8827774834471 1.92430068911761 0
1.91346055825319 1.94996289713725 0
1.94414363305929 1.9756251051569 0
1.97482670786539 2.00128731317654 0
1.99845679807297 2.03356143340903 0
1.98090338613277 2.06950413404849 0
1.96334997419257 2.10544683468795 0
1.94097907261759 2.13860618876372 0
1.9139962286222 2.16813458407942 0
1.88701338462682 2.19766297939513 0
1.86003054063143 2.22719137471083 0
1.83304769663604 2.25671977002654 0
1.79306610219638 2.25550646624678 0
1.75429175366586 2.24568048558152 0
1.7224080677397 2.2215261780617 0
1.69052438181354 2.19737187054188 0
1.66686898206237 2.16511629640947 0
1.64387821226509 2.13238367500317 0
1.62088744246781 2.09965105359687 0
1.59789667267052 2.06691843219056 0
1.57490590287324 2.03418581078426 0
1.55190501568446 2.00146029797653 0
1.52594715144115 1.97102693989817 0
1.49998928719783 1.9405935818198 0
1.47403142295452 1.91016022374144 0
1.44807355871121 1.87972686566308 0
1.4221156944679 1.84929350758471 0
1.44523497242487 1.88193548955193 0
1.46876184033187 1.91428493292406 0
1.49228870823887 1.94663437629619 0
1.51464002686587 1.97980693356322 0
1.53291221426557 2.01538961428896 0
1.55118440166528 2.05097229501471 0
1.56945658906499 2.08655497574045 0
1.58772877646469 2.1221376564662 0
1.6060009638644 2.15772033719194 0
1.6242731512641 2.19330301791768 0
1.64262870441586 2.2288427656446 0
1.66464123890121 2.26224109382928 0
1.68665377338656 2.29563942201395 0
1.70866630787192 2.32903775019862 0
1.69716158369957 2.36734755732054 0
1.66219529265471 2.38677327456768 0
1.62722900160985 2.40619899181483 0
1.59226271056499 2.42562470906197 0
1.55338057148146 2.43501509032628 0
1.51342584597248 2.4369176963029 0
1.4734711204635 2.43882030227952 0
1.43351639495452 2.44072290825614 0
1.39356166944555 2.44262551423276 0
1.37120598593821 2.40945589839356 0
1.35750533172691 2.37187542375337 0
1.34264970467275 2.33473635611795 0
1.32779407761858 2.29759728848254 0
1.31293845056442 2.26045822084713 0
1.29918362840391 2.22289753838085 0
1.2929849176501 2.18338075732532 0
1.2867862068963 2.14386397626979 0
1.28629023216885 2.18386090126497 0
1.28888217596782 2.22377683576916 0
1.29147411976679 2.26369277027335 0
1.30017903911096 2.30273408658328 0
1.31778532779188 2.33865091549235 0
1.3353916164728 2.37456774440143 0
1.34250338881153 2.41393045129771 0
1.31087042543325 2.43841219200192 0
1.27087515832092 2.43779688020019 0
1.23087989120859 2.43718156839846 0
1.19088462409626 2.43656625659673 0
1.15126396156615 2.43107052182555 0
1.11349595430832 2.41789563557282 0
1.07572794705049 2.40472074932009 0
1.05226018548907 2.37232840196309 0
1.03470677354887 2.33638570132363 0
1.01793265294785 2.3000727714217 0
1.01737196037629 2.26007670131675 0
1.01681126780472 2.22008063121179 0
1.01625057523316 2.18008456110684 0
1.01568988266159 2.14008849100189 0
1.01512919009003 2.10009242089693 0
1.01456849751846 2.06009635079198 0
1.0140078049469 2.02010028068703 0
1.01344711237533 1.98010421058208 0
1.01288641980377 1.94010814047712 0
1.01232572723221 1.90011207037217 0
1.01176503466064 1.86011600026722 0
1.01120434208908 1.82011993016226 0
1.00435383908542 1.85952894700608 0
0.999278905052905 1.89920570398754 0
0.994203971020393 1.938882460969 0
0.989129036987881 1.97855921795046 0
0.984592821201126 2.01830116991983 0
0.981293754730632 2.05816488977163 0
0.977994688260138 2.09802860962343 0
0.974695621789643 2.13789232947524 0
0.971396555319149 2.17775604932705 0
0.968097488848654 2.21761976917886 0
0.96479842237816 2.25748348903067 0
0.961499355907665 2.29734720888247 0
0.958200289437172 2.33721092873427 0
0.918204639975569 2.33662099302216 0
0.88886415510962 2.30943393823811 0
0.859523670243671 2.28224688345407 0
0.830183185377722 2.25505982867002 0
0.800842700511765 2.22787277388597 0
0.771502215645816 2.20068571910193 0
0.742161730779867 2.17349866431788 0
0.712821245913918 2.14631160953384 0
0.683480761047961 2.11912455474979 0
0.669985838235814 2.08146971364942 0
0.67182297796906 2.04151192445132 0
0.673660117702306 2.0015541352532 0
0.675497257435553 1.96159634605509 0
0.677334397168799 1.92163855685699 0
0.686230108793942 1.88264027080898 0
0.700157569978088 1.84514325992858 0
0.714085031162232 1.80764624904819 0
0.728012492346376 1.7701492381678 0
0.739578652416218 1.73185793443917 0
0.744540041799786 1.69216681937062 0
0.749501431183354 1.65247570430208 0
0.733580054889201 1.68917052378521 0
0.718229507915501 1.72610777744067 0
0.7028789609418 1.76304503109614 0
0.687528413968098 1.79998228475161 0
0.671818034016735 1.83676793360798 0
0.654958572709719 1.8730413200564 0
0.638099111402701 1.90931470650484 0
0.621239650095683 1.94558809295327 0
0.604380188788668 1.9818614794017 0
0.591999400502406 2.01989720052554 0
0.581474704270722 2.05848775337505 0
0.545627753142938 2.04073962404144 0
0.515031305218258 2.01497419421013 0
0.484434857293573 1.98920876437882 0
0.453838409368887 1.96344333454751 0
0.423241961444201 1.93767790471619 0
0.392645513519522 1.91191247488488 0
0.362049065594842 1.88614704505357 0
0.355625368464876 1.8466662128032 0
0.355587245201796 1.80666623097049 0
0.385633841139792 1.78026164666134 0
0.415680437077788 1.75385706235219 0
0.443448118871272 1.725065468999 0
0.469418614068412 1.69464288891092 0
0.495389109265552 1.66422030882284 0
0.520857515442992 1.63337617993612 0
0.545732801187055 1.60205174603619 0
0.570608086931118 1.57072731213625 0
0.592036311402535 1.53695111939636 0
0.613287872897621 1.5030634943096 0
0.634539434392707 1.46917586922284 0
0.655790995887793 1.43528824413608 0
0.630840128284967 1.46655250817453 0
0.606127266207692 1.49800524172743 0
0.581414404130413 1.52945797528033 0
0.556701542053137 1.56091070883323 0
0.530464905121892 1.5911040670853 0
0.504158599168493 1.62123674481374 0
0.477852293215094 1.65136942254218 0
0.451545987261694 1.68150210027062 0
0.424835689985178 1.71127725802671 0
0.395374494448056 1.73833345800978 0
0.36591329891094 1.76538965799284 0
0.336452103373824 1.79244585797591 0
0.303618284486668 1.81529187157315 0
0.269853699209333 1.79384536180933 0
0.252758514533596 1.75768247114912 0
0.235663329857859 1.7215195804889 0
0.220851580230326 1.68436299193491 0
0.213398234183859 1.64506353096263 0
0.205944888137392 1.60576406999035 0
0.198491542090926 1.56646460901807 0
0.198756790224248 1.52646548848489 0
0.200532814769077 1.48650493622624 0
0.211325046234939 1.44798834577502 0
0.241860497649703 1.42215065611637 0
0.272395949064468 1.39631296645772 0
0.301922762621148 1.36932839158264 0
0.329525775964061 1.34037888978397 0
0.357128789306975 1.31142938798531 0
0.384731802649888 1.28247988618664 0
0.41296472628 1.25414436037017 0
0.441248997527462 1.22586008912271 0
0.469533268774923 1.19757581787525 0
0.435071016244553 1.21788229838106 0
0.402657403227441 1.24132067910962 0
0.370720339882851 1.26540436622194 0
0.338783276538266 1.28948805333425 0
0.306846213193676 1.31357174044656 0
0.274665944272581 1.33732948217775 0
0.241383932499068 1.35951749002676 0
0.206838444624106 1.3796820447573 0
0.166838444624106 1.3796820447573 0
0.143667397164984 1.34707679119829 0
0.134856962307599 1.30805915111558 0
0.132189323438627 1.26814820395989 0
0.129528563017676 1.22823679764563 0
0.126867802596725 1.18832539133137 0
0.124207042175775 1.14841398501711 0
0.121546281754824 1.10850257870285 0
0.150771876440628 1.08119205664154 0
0.184637778660396 1.05990589524872 0
0.218937495688898 1.03932606503162 0
0.253235349837474 1.01874313033312 0
0.287403292062058 0.997945252457282 0
0.321571234286636 0.977147374581452 0
0.355739176511214 0.956349496705622 0
0.389035409318381 0.934182835232794 0
0.422233456392081 0.911869393757028 0
0.455431503465781 0.889555952281263 0
0.48862955053948 0.867242510805497 0
0.450197628388836 0.878332477433354 0
0.412766801991866 0.892436846800329 0
0.375335975594895 0.906541216167303 0
0.337813170792946 0.920399034169957 0
0.299253466064697 0.931036194094991 0
0.26069376133646 0.941673354020022 0
0.222134056608212 0.952310513945056 0
0.183574351879963 0.96294767387009 0
0.145014647151714 0.973584833795124 0
0.105043893832329 0.975114173221472 0
0.0650438938323298 0.975114173221472 0
0.0333175542017963 0.950753562111559 0
0.0336300446654896 0.910754782758811 0
0.033942535129183 0.870756003406063 0
0.0342550255928764 0.830757224053316 0
0.0345675160565699 0.790758444700551 0
0.0348800065202633 0.750759665347804 0
0.0351924969839566 0.710760885995056 0
0.045761463329212 0.672182434102932 0
0.0788385234119907 0.649690033246642 0
0.116758866944852 0.636960243525287 0
0.156449982013397 0.631998854141719 0
0.196141097081942 0.62703746475815 0
0.235832212150487 0.622076075374582 0
0.275523327219032 0.617114685991014 0
0.315100334220489 0.611312917570399 0
0.354668472714641 0.605450971126821 0
0.394236611208793 0.599589024683243 0
0.433804749702945 0.593727078239665 0
0.39417567147933 0.588292360294155 0
0.354177877650862 0.587872254528718 0
0.314180083822395 0.587452148763281 0
0.274182289993927 0.587032042997843 0
0.23418449616546 0.586611937232406 0
0.194186702336967 0.586191831466969 0
0.154188908508474 0.585771725701531 0
0.114191114679982 0.585351619936093 0
0.0741933208514888 0.584931514170656 0
0.034195527022996 0.584511408405218 0
0.0191460502176196 0.58435334038777 0
