1922
-0.0790601332796822 0.0144441339309337 0
-0.0908235672331831 0.0526752942798117 0
-0.104244697051431 0.0903565001310279 0
-0.120910885471163 0.126719093046798 0
-0.13519280394652 0.164082535134797 0
-0.148505608655925 0.201802148478113 0
-0.155111212301514 0.241252953292177 0
-0.155111212301514 0.281252953292177 0
-0.156206596334232 0.321237952152011 0
-0.156492086434383 0.36123693333157 0
-0.144251719217861 0.399318075782982 0
-0.132192670809095 0.437457023742712 0
-0.120592374997781 0.475737999920052 0
-0.107064787177313 0.513381118384912 0
-0.0848767793283024 0.546663130158425 0
-0.06252484993624 0.579835275890232 0
-0.0394575220322936 0.612513990420822 0
-0.0163901941283474 0.645192704951413 0
0.00930194139876802 0.675850724653545 0
0.0364331455080906 0.705242862438645 0
0.0629194522622549 0.735217444245975 0
0.0886471357191862 0.765845638837559 0
0.113302089499353 0.797343785673489 0
0.136674278533157 0.829805159331548 0
0.164744221656417 0.858302146769819 0
0.195834016484714 0.883470075916541 0
0.222770701252763 0.913040585105711 0
0.250646136484305 0.941727866445219 0
0.280038274269405 0.968859070554541 0
0.309680529251049 0.995716783033515 0
0.339953449561817 1.02186157784736 0
0.37071036211759 1.0474352426226 0
0.401945114495313 1.07242304452478 0
0.432949273064835 1.09769639316313 0
0.463750135501055 1.12321710775315 0
0.494550997937276 1.14873782234316 0
0.529002267930633 1.16906292986674 0
0.564366860153458 1.18775371949461 0
0.593110945824121 1.21557057659525 0
0.621855031494783 1.24338743369589 0
0.651947754855662 1.26973943553115 0
0.684090042589452 1.29354853755618 0
0.716840041731073 1.31651454626958 0
0.750811454742633 1.33763191111461 0
0.784782867754194 1.35874927595964 0
0.819408184974701 1.37877644269333 0
0.854374476019564 1.39820215994048 0
0.889304401424008 1.41769319149963 0
0.923969299698976 1.43765176929431 0
0.958634197973945 1.45761034708898 0
0.993712944075428 1.47683225053135 0
1.02890120461847 1.49585293190597 0
1.06464194130239 1.51381399371453 0
1.10218873168306 1.52760669222172 0
1.13973552206373 1.5413993907289 0
1.17727945641814 1.55519986148868 0
1.21441852405355 1.57005548854284 0
1.25155759168896 1.58491111559701 0
1.28876402339188 1.59959721242142 0
1.32752073181686 1.60949254223205 0
1.36627744024184 1.61938787204268 0
1.40510564588988 1.6289988265298 0
1.44477676055524 1.63411768003501 0
1.4844478752206 1.63923653354022 0
1.52411898988596 1.64435538704542 0
1.56379010455132 1.64947424055063 0
1.60346121921669 1.65459309405584 0
1.64301002369423 1.6605840926702 0
1.68221712652058 1.66850893260319 0
1.72142422934694 1.67643377253618 0
1.7606313321733 1.68435861246916 0
1.79983843499965 1.69228345240215 0
1.83904553782601 1.70020829233514 0
1.87843051983749 1.707195651776 0
1.91801801467271 1.71292542076531 0
1.95760550950794 1.71865518975462 0
1.99719300434317 1.72438495874393 0
2.0367804991784 1.73011472773323 0
2.07669636789575 1.73270768445075 0
2.11667314433478 1.73407052910208 0
2.15664992077381 1.73543337375341 0
2.19662669721285 1.73679621840475 0
2.23660347365188 1.73815906305608 0
2.27660072696015 1.73769031174289 0
2.31636481402447 1.73335241133587 0
2.35612890108879 1.72901451092886 0
2.39589298815311 1.72467661052184 0
2.42246694638912 1.75457351242941 0
2.38421193839266 1.76625916017314 0
2.34485714198866 1.77341457770114 0
2.30550234558466 1.78056999522914 0
2.2659831083938 1.78675302780642 0
2.22637716705696 1.79235386799547 0
2.18677122572013 1.79795470818451 0
2.14716528438329 1.80355554837356 0
2.10755934304646 1.80915638856261 0
2.06795340170962 1.81475722875165 0
2.02802465394315 1.81714366999355 0
1.98803474985446 1.81624502046347 0
1.94804484576578 1.81534637093339 0
1.90805494167709 1.8144477214033 0
1.86806503758841 1.81354907187322 0
1.82807294451426 1.81275377850105 0
1.78811574266907 1.81460364895684 0
1.74815854082389 1.81645351941264 0
1.7082013389787 1.81830338986843 0
1.66824413713352 1.82015326032422 0
1.62828693528833 1.82200313078002 0
1.58832973344315 1.82385300123581 0
1.54846491294956 1.827138741185 0
1.50882669823115 1.83250641609478 0
1.46918848351273 1.83787409100457 0
1.42955026879432 1.84324176591435 0
1.38991205407591 1.84860944082414 0
1.3502738393575 1.85397711573393 0
1.31073167464587 1.86001178307503 0
1.27131327001609 1.86680805973534 0
1.23189486538632 1.87360433639565 0
1.19247646075655 1.88040061305595 0
1.15317964836062 1.88786791079473 0
1.1139043134953 1.89544736138277 0
1.07462897862997 1.90302681197081 0
1.03554742513589 1.91154926329009 0
0.997015772182746 1.92228759280162 0
0.9584841192296 1.93302592231315 0
0.919952466276454 1.94376425182469 0
0.881993274435093 1.95637772695055 0
0.84499997504438 1.97159271299028 0
0.808006675653668 1.98680769903001 0
0.771013376262955 2.00202268506974 0
0.734020076872244 2.01723767110946 0
0.69702677748153 2.03245265714919 0
0.660033478090817 2.04766764318892 0
0.623040178700105 2.06288262922865 0
0.587199057693586 2.0806425291438 0
0.557761817223113 2.10772479037663 0
0.52832457675264 2.13480705160947 0
0.498887336282166 2.1618893128423 0
0.469449265262283 2.18897067127626 0
0.439988069725166 2.21602687125932 0
0.410526874188049 2.24308307124239 0
0.381065678650932 2.27013927122546 0
0.351604483113815 2.29719547120852 0
0.324159243801264 2.32629459214158 0
0.296813893190031 2.3554876015779 0
0.269468542578798 2.38468061101421 0
0.242123191967566 2.41387362045053 0
0.214777841356334 2.44306662988684 0
0.187432490745101 2.47225963932316 0
0.162306452794614 2.50338329940533 0
0.142358685105427 2.53805441943654 0
0.12241091741624 2.57272553946774 0
0.102463149727054 2.60739665949895 0
0.0825153820378671 2.64206777953016 0
0.0655456870764946 2.67828972664676 0
0.0647615240791186 2.71828203951303 0
0.0639773610817425 2.7582743523793 0
0.0930605469486364 2.73081222755561 0
0.109612664720684 2.69439756845711 0
0.130638889745082 2.66036967017903 0
0.15248960096696 2.62686524630548 0
0.174340312188836 2.59336082243194 0
0.198875510237872 2.56176930368569 0
0.226201795388902 2.53255844714493 0
0.253528080539932 2.50334759060418 0
0.280854365690962 2.47413673406342 0
0.308180650841992 2.44492587752266 0
0.337245899083488 2.41744476865384 0
0.370429408988266 2.39510971391024 0
0.403612918893044 2.37277465916664 0
0.436796428797822 2.35043960442304 0
0.469195421771938 2.32698101848392 0
0.500492390554425 2.30207118618765 0
0.531789359336911 2.27716135389138 0
0.563086328119396 2.25225152159512 0
0.595580395583851 2.22892480773278 0
0.628862407357365 2.20673679988377 0
0.662144419130878 2.18454879203476 0
0.697101147911992 2.16510587268288 0
0.732164289943177 2.14585552019517 0
0.767227431974361 2.12660516770746 0
0.803331233488649 2.10938554180511 0
0.840938858474961 2.09575959072312 0
0.878546483461273 2.08213363964112 0
0.916154108447585 2.06850768855912 0
0.953761733433895 2.05488173747713 0
0.992406253940282 2.04455695976371 0
1.03118135143554 2.03473393506491 0
1.0699564489308 2.02491091036611 0
1.10873154642606 2.01508788566731 0
1.14752744300783 2.00534733083628 0
1.18646412974117 1.99618575748726 0
1.22540081647451 1.98702418413824 0
1.26433750320786 1.97786261078922 0
1.3032741899412 1.9687010374402 0
1.34277811166631 1.96242089665068 0
1.38236560650154 1.95669112766137 0
1.42195310133677 1.95096135867207 0
1.461540596172 1.94523158968276 0
1.50120025362614 1.94002471244007 0
1.54116249996034 1.93828722346902 0
1.58112474629454 1.93654973449796 0
1.62108699262874 1.93481224552691 0
1.66104923896295 1.93307475655585 0
1.70104845151849 1.93332574447695 0
1.74104554865554 1.93380763721354 0
1.78104264579258 1.93428952995013 0
1.82103974292963 1.93477142268673 0
1.86103684006668 1.93525331542332 0
1.90101414488893 1.93390605926765 0
1.9409741070654 1.9321168072299 0
1.98093406924188 1.93032755519214 0
2.02089403141836 1.92853830315439 0
2.0608741639999 1.92727774821223 0
2.10086102123628 1.92625244418053 0
2.14084787847266 1.92522714014883 0
2.18083473570905 1.92420183611712 0
2.22082159294543 1.92317653208542 0
2.26058599808433 1.91884154835427 0
2.30031202225724 1.91416789845158 0
2.34003804643016 1.90949424854888 0
2.37806899684499 1.8970988134801 0
2.4152521129779 1.88235378466878 0
2.45243522911081 1.86760875585745 0
2.48961834524371 1.85286372704613 0
2.52038352242472 1.82730000523139 0
2.55061108573631 1.80110278369468 0
2.57224896808111 1.76746051790248 0
2.58456177949769 1.72940273716031 0
2.59566905724611 1.69097581455363 0
2.60453390138968 1.65197050032197 0
2.57909537229554 1.62110172584797 0
2.54907293983635 1.59466967051295 0
2.51808072645442 1.5693816751458 0
2.48789650556788 1.54313452654881 0
2.45622569721895 1.5187017637389 0
2.42065418512622 1.50040784323407 0
2.3850826730335 1.48211392272924 0
2.42484300409173 1.48648611601632 0
2.46432329488895 1.49291314009959 0
2.50262234935531 1.50445360919677 0
2.53900132837874 1.52108399960748 0
2.57465752240033 1.53921231524614 0
2.60449502886537 1.5658529460185 0
2.6343325353304 1.59249357679085 0
2.64998778993505 1.62930271972116 0
2.66263690057572 1.66725005164318 0
2.66061822996955 1.70719908128076 0
2.6518025020608 1.74621552578098 0
2.63657250985062 1.78320264971997 0
2.61763545517296 1.81843598564115 0
2.58710000375819 1.8442736752998 0
2.55547884953198 1.8687706670621 0
2.51845697128376 1.88391598089092 0
2.48143509303553 1.89906129471974 0
2.44413503686682 1.91350794865106 0
2.40597528819077 1.92550101252067 0
2.36781553951472 1.93749407639029 0
2.32825585350549 1.94341279608725 0
2.28867239593411 1.94917038991582 0
2.24908893836273 1.95492798374438 0
2.20937772972416 1.95972589041958 0
2.16958436402291 1.96378643794012 0
2.12979099832166 1.96784698546065 0
2.09030385256478 1.97423175796833 0
2.05117448756068 1.98253192630253 0
2.01204512255658 1.99083209463673 0
1.97291575755249 1.99913226297093 0
1.93418744415379 2.0091381483037 0
1.89616763114676 2.02156770255599 0
1.85814781813974 2.03399725680829 0
1.82012902171584 2.04642992017854 0
1.78212775175422 2.05891605173736 0
1.7441264817926 2.07140218329618 0
1.70612521183098 2.083888314855 0
1.66812394186936 2.09637444641382 0
1.63098289889299 2.11122513416312 0
1.59470254018306 2.1280695864213 0
1.55842218147312 2.14491403867949 0
1.52214182276318 2.16175849093767 0
1.48693549892187 2.1807457172117 0
1.45211298537307 2.20042800747842 0
1.41729047182426 2.22011029774513 0
1.38246795827546 2.23979258801185 0
1.34764544472665 2.25947487827856 0
1.31618799986769 2.2841817429713 0
1.28519339903682 2.30946681207017 0
1.25419879820594 2.33475188116905 0
1.22299172873534 2.35977424746517 0
1.19175697635762 2.38476204936734 0
1.1605222239799 2.40974985126952 0
1.12928747160218 2.4347376531717 0
1.09871762216963 2.46053463566329 0
1.07161859197956 2.48995643986965 0
1.04451956178948 2.51937824407601 0
1.01742665456671 2.54880568668012 0
0.991661224735398 2.5794021346048 0
0.965895794904087 2.60999858252948 0
0.940130365072774 2.64059503045417 0
0.91697367606588 2.67321048314515 0
0.893935534768554 2.7059097804704 0
0.870897393471228 2.73860907779563 0
0.849461522326735 2.7723804181344 0
0.828881692109631 2.8066801351629 0
0.808301861892528 2.8409798521914 0
0.787722031675425 2.8752795692199 0
0.768436343965813 2.91032328833713 0
0.749651825046679 2.9456381839051 0
0.730867306127544 2.98095307947307 0
0.710590612556917 3.01543286627408 0
0.688605952497867 3.04884954956384 0
0.666621292438817 3.0822662328536 0
0.645103302460402 3.11598530916492 0
0.623816440651666 3.14985077113336 0
0.602154269912107 3.18347740282388 0
0.578154269912105 3.21547740282388 0
0.554154269912104 3.24747740282388 0
0.528653174050452 3.27829451024581 0
0.500794158963707 3.30699773791095 0
0.472935143876961 3.33570096557608 0
0.445814806458222 3.36510313043335 0
0.419543576666054 3.3952663942688 0
0.393272346873885 3.42542965810425 0
0.406469940201849 3.46318973663104 0
0.439834906282777 3.44112666707084 0
0.472883999995079 3.41859319408518 0
0.505933093707382 3.39605972109951 0
0.537300081638575 3.3712381162335 0
0.56802893282247 3.34563074024692 0
0.598757784006366 3.32002336426035 0
0.629486635190261 3.29441598827377 0
0.655125739675247 3.26371360528469 0
0.680188016148235 3.23253857845244 0
0.705250292621223 3.20136355162019 0
0.730312569094211 3.17018852478794 0
0.755230644320452 3.13889811847835 0
0.780131586953312 3.10759407631132 0
0.805032529586172 3.07629003414429 0
0.82971992275018 3.04481730596948 0
0.854140237163755 3.0131368980816 0
0.878560551577326 2.98145649019373 0
0.9029808659909 2.94977608230585 0
0.924464595293995 2.91603516685841 0
0.94481376777906 2.88159810572983 0
0.965162940264124 2.84716104460126 0
0.98551211274919 2.81272398347268 0
1.00591462394294 2.77831849645406 0
1.02810263179195 2.74503648468055 0
1.05029063964096 2.71175447290703 0
1.07247864748997 2.67847246113352 0
1.09633181202493 2.64636285911686 0
1.12434015870063 2.61780532917301 0
1.15234850537633 2.58924779922916 0
1.18035685205203 2.56069026928531 0
1.20836519872773 2.53213273934146 0
1.23819915404567 2.50548813181785 0
1.26845368094375 2.47932205450059 0
1.29870820784184 2.45315597718333 0
1.33032218926831 2.42864972944185 0
1.36224975528164 2.40455345320538 0
1.39417732129497 2.3804571769689 0
1.4261048873083 2.35636090073243 0
1.46097434524301 2.33676189812159 0
1.49675143288301 2.31887335430159 0
1.53252852052301 2.3009848104816 0
1.56962242564134 2.28601677109522 0
1.60672318141474 2.27106572026116 0
1.64382393718814 2.25611466942711 0
1.68092469296154 2.24116361859305 0
1.71856244168453 2.22762109773964 0
1.75657832684631 2.21517953532305 0
1.7945942120081 2.20273797290646 0
1.83263163322845 2.1903624088019 0
1.87180991495872 2.18229629197509 0
1.91098819668898 2.17423017514827 0
1.95016647841925 2.16616405832145 0
1.98934476014952 2.15809794149463 0
2.02828669937972 2.14895872002933 0
2.06714671086555 2.13947718495739 0
2.10600672235139 2.12999564988545 0
2.14486673383723 2.1205141148135 0
2.18372674532307 2.11103257974156 0
2.22195715836653 2.09926671731986 0
2.25954214127289 2.08557843547264 0
2.29712712417924 2.07189015362542 0
2.3347121070856 2.05820187177821 0
2.37229708999195 2.04451358993099 0
2.40988207289831 2.03082530808378 0
2.44746705580467 2.01713702623656 0
2.48505203871103 2.00344874438934 0
2.52263702161738 1.98976046254213 0
2.55752100340228 1.97018732240492 0
2.592299265698 1.95042694610054 0
2.62707752799371 1.93066656979616 0
2.65986725708318 1.90775732130915 0
2.69231957633637 1.8843725618473 0
2.72477189558956 1.86098780238544 0
2.75722421484275 1.83760304292358 0
2.78967653409594 1.81421828346172 0
2.80995024849754 1.77973674485971 0
2.82494181551743 1.74265234223154 0
2.83993338253733 1.70556793960337 0
2.83085800605959 1.6666110718932 0
2.81143228881245 1.63164478084834 0
2.7920065715653 1.59667848980348 0
2.76597505220348 1.56630810950104 0
2.73594651152657 1.53988299370536 0
2.70404095751905 1.51575757923278 0
2.67075894574554 1.49356957138377 0
2.63747693397202 1.47138156353476 0
2.60595298377333 1.44675961064978 0
2.5746285498734 1.42188432490571 0
2.5419751923286 1.39878111644776 0
2.50584409215443 1.38161884386503 0
2.46971299198026 1.3644565712823 0
2.43577078340227 1.34329229768625 0
2.40411938334658 1.31883439764323 0
2.42232432981964 1.28321726800153 0
2.42723396761873 1.24351971824488 0
2.42605800555466 1.20353700806631 0
2.41808592038117 1.16433948444572 0
2.40744876045614 1.12577977971748 0
2.39681160053111 1.08722007498923 0
2.38581933009575 1.04876009591129 0
2.36345366336463 1.01559721075826 0
2.34108799663352 0.982434325605233 0
2.31872232990241 0.949271440452206 0
2.29412248718295 0.917730233465502 0
2.26913468528078 0.886495481087778 0
2.25222933888435 0.922747505351491 0
2.25569452353894 0.962597128879319 0
2.22032129682378 0.943922685600936 0
2.20603579817312 0.906560612206893 0
2.19412608602753 0.868374767229868 0
2.19004493140759 0.828583509685424 0
2.18596377678765 0.788792252140982 0
2.17624850033742 0.749990017624195 0
2.16546330331663 0.711471456835629 0
2.15467810629583 0.672952896047064 0
2.13668449390842 0.637228535825335 0
2.11520947422069 0.60348207631605 0
2.08381592402705 0.578694075060614 0
2.05803810138714 0.609280082644885 0
2.0552397435863 0.649182077502516 0
2.05244138578546 0.689084072360147 0
2.02886814572807 0.656768405057792 0
2.01573348538108 0.618986389526999 0
2.00259882503409 0.581204373996206 0
1.98225039925688 0.546766871642096 0
1.94362576891605 0.536367932704182 0
1.90500113857523 0.525968993766267 0
1.8663765082344 0.515570054828352 0
1.8263791767929 0.515108018510013 0
1.78637973711952 0.515319739589171 0
1.74640405688967 0.516714368629758 0
1.70669277925237 0.521511704183262 0
1.66682742830358 0.524791001932749 0
1.62714728065375 0.519742647499081 0
1.58746671814565 0.514697554929019 0
1.5477769003817 0.509725798110293 0
1.50808708261775 0.504754041291568 0
1.47157081217769 0.488427314946446 0
1.43644100862541 0.469298883166021 0
1.4192404484003 0.43318599449809 0
1.45921434035492 0.431741016297294 0
1.49920559230145 0.432577537515663 0
1.53810108438067 0.423242619416649 0
1.57544681312319 0.408914446305938 0
1.61088399277866 0.390361648725372 0
1.64489459864618 0.369307464140719 0
1.67909072965801 0.348555967235155 0
1.71336885110866 0.327940187118589 0
1.75166575844609 0.316392594798612 0
1.79164821169962 0.315207929517025 0
1.83164770541398 0.315409182081109 0
1.87163267764012 0.316505537896965 0
1.91161764986626 0.317601893712821 0
1.95143841406878 0.313819468786032 0
1.9643859212313 0.275972909387897 0
1.97733342839382 0.238126349989762 0
1.98955682079271 0.200039755520543 0
2.00141278938761 0.161837190048095 0
2.01319453394229 0.123611668531075 0
2.02495796789579 0.0853805081821981 0
2.03672140184929 0.0471493478333212 0
2.0484848358028 0.0089181874844397 0
2.05597244114321 -0.0303747605630937 0
2.06093383052677 -0.0700658756316413 0
2.06753875559388 -0.109516794060213 0
2.08222541698333 -0.146723002913465 0
2.09691207837277 -0.183929211766717 0
2.12112254689985 -0.215770273521933 0
2.14940681814731 -0.244054544769394 0
2.1584378113361 -0.283021725345157 0
2.1647460172031 -0.322521175198789 0
2.17040287145259 -0.362119154945237 0
2.1742918645913 -0.401929652711114 0
2.17664074546936 -0.441860627638115 0
2.18088842584295 -0.481634453346032 0
2.18746438533517 -0.52109021029932 0
2.19404034482739 -0.560545967252604 0
2.15623930115338 -0.573625764542916 0
2.12028856332762 -0.556088819262058 0
2.08433782550186 -0.5385518739812 0
2.06875391345733 -0.501712470004097 0
2.05464175766254 -0.464284578548345 0
2.04052960186774 -0.426856687092593 0
2.02641744607295 -0.389428795636841 0
2.0151221595146 -0.351056715923009 0
2.0039489778814 -0.312648904058866 0
1.99277579624819 -0.274241092194723 0
1.98343969809124 -0.235345883348337 0
1.9764080725519 -0.195968780328 0
1.96937644701255 -0.156591677307659 0
1.96234482147321 -0.117214574287318 0
1.9527534116125 -0.0783815360739107 0
1.94305198661105 -0.0395758360680973 0
1.9333505616096 -0.000770136062283898 0
1.91969489264266 0.0368267082875506 0
1.9008713632309 0.0721208259346064 0
1.88204783381913 0.107414943581665 0
1.86042017473514 0.141063782529638 0
1.83288975745838 0.170082330470008 0
1.80535934018162 0.19910087841038 0
1.7776570889765 0.227955432265332 0
1.73838589495289 0.235556308527966 0
1.69910238860094 0.243093292586367 0
1.65967293158053 0.249825151102046 0
1.62024347456011 0.256557009617726 0
1.58028911494352 0.254646735389167 0
1.54141511071597 0.245222734364307 0
1.50254110648842 0.235798733339447 0
1.46366710226087 0.226374732314586 0
1.42540139591535 0.214724165037495 0
1.38840060318021 0.199527410878421 0
1.35139981044507 0.184330656719349 0
1.31439901770993 0.169133902560275 0
1.27795601452214 0.152644284048786 0
1.2418065009664 0.135520830259224 0
1.20482633411578 0.120273953211751 0
1.16496450378599 0.1235957724059 0
1.12510267345619 0.12691759160005 0
1.08524084312639 0.1302394107942 0
1.04537901279659 0.13356122998835 0
1.07989517964764 0.113346526777308 0
1.11640790972344 0.0970118843749748 0
1.15620098314835 0.0929484735663672 0
1.19620098314835 0.0929484735663672 0
1.23620098314835 0.0929484735663672 0
1.27470862374938 0.103772595486517 0
1.31048571138937 0.121661139306517 0
1.34626279902937 0.139549683126516 0
1.3831485697109 0.155023529488346 0
1.4204116744903 0.169565228914454 0
1.45776706904156 0.18386818308203 0
1.49739553222573 0.189307383911229 0
1.53702399540991 0.194746584740428 0
1.57665245859409 0.200185785569626 0
1.61656172321473 0.202878478912647 0
1.65649657659169 0.205160470534188 0
1.6925863766196 0.187911518857478 0
1.72508420200483 0.164590040661808 0
1.75758202739006 0.141268562466139 0
1.77766833361538 0.106677518795522 0
1.79683658045965 0.071569424103315 0
1.81600482730392 0.0364613294111049 0
1.826684329192 -0.00208666975127033 0
1.83672281554335 -0.0408065456779031 0
1.8467613018947 -0.0795264216045358 0
1.85385318051202 -0.118892717565384 0
1.85811870836163 -0.158664633186388 0
1.86238423621123 -0.198436548807392 0
1.86664976406083 -0.238208464428397 0
1.86911477254043 -0.278132438844725 0
1.87142970070645 -0.318065396506111 0
1.87374462887246 -0.357998354167498 0
1.87605955703848 -0.397931311828884 0
1.88035997139139 -0.437699470403215 0
1.88477723243439 -0.47745481979016 0
1.88919449347738 -0.517210169177104 0
1.8961196928451 -0.556606128534853 0
1.90950754943692 -0.59429916895184 0
1.94032332228191 -0.619801877513207 0
1.9711390951269 -0.645304586074576 0
2.00086536013153 -0.672069286126591 0
2.02952775934669 -0.699970305305667 0
2.04491237473131 -0.736893382228746 0
2.03282309585475 -0.775022758518489 0
2.00308966254372 -0.801779494932683 0
1.96660543316074 -0.785381293618841 0
1.93012120377774 -0.768983092304998 0
1.89473382158396 -0.750335487057372 0
1.85964333190722 -0.731135030441795 0
1.82455284223048 -0.711934573826217 0
1.79154453022501 -0.689341403651379 0
1.78232587486984 -0.65041819215178 0
1.77310721951467 -0.611494980652181 0
1.76785661597491 -0.571841088504396 0
1.76401897923148 -0.532025607291361 0
1.76018134248805 -0.492210126078326 0
1.75634370574463 -0.452394644865292 0
1.75250606900121 -0.412579163652262 0
1.7499165654687 -0.372663070764117 0
1.74807237480436 -0.332705606370168 0
1.74622818414003 -0.292748141976218 0
1.74438399347569 -0.252790677582268 0
1.73958751687925 -0.213079296187761 0
1.73311651579659 -0.173606189583537 0
1.72664551471394 -0.134133082979317 0
1.72017451363127 -0.0946599763750933 0
1.71376119040876 -0.0551774576453605 0
1.70735834406661 -0.0156932385354591 0
1.69304713211416 0.0216589931576029 0
1.67282730688049 0.0561721597396506 0
1.65097326999628 0.0896744144677087 0
1.61780588149243 0.11203340236596 0
1.58463849298857 0.134392390264212 0
1.54474341682555 0.137287713725731 0
1.50474644201004 0.136795773071471 0
1.4685188329477 0.119838168829526 0
1.43229122388536 0.10288056458758 0
1.39606361482302 0.0859229603456331 0
1.36152998277239 0.065738108169032 0
1.32703335141957 0.0454900854184627 0
1.29253672006674 0.0252420626678914 0
1.25515932162388 0.0109967095433346 0
1.21690525878183 -0.000692031880623829 0
1.17854297434091 -0.0120205416005495 0
1.14002848800595 -0.0228202796692976 0
1.10003837587005 -0.0237096228868411 0
1.06113880516968 -0.0143917154325937 0
1.02223923446929 -0.00507380797834484 0
0.98333966376891 0.00424409947590406 0
0.944440093068527 0.013562006930153 0
0.905540522368145 0.0228799143844019 0
0.942137319890396 0.00673449983056163 0
0.979097993187273 -0.00855957187849103 0
1.01605866648415 -0.0238536435875437 0
1.05301933978103 -0.0391477152965964 0
1.0899800130779 -0.054441787005649 0
1.12946964214773 -0.0608111822616453 0
1.16869286917537 -0.0529665368561181 0
1.207916096203 -0.0451218914505909 0
1.24668292150621 -0.0352662709266967 0
1.28388913035946 -0.0205796095372527 0
1.32109533921271 -0.00589294814780871 0
1.35805311177251 0.00940813179506872 0
1.39494088704565 0.024877198845092 0
1.43298232510534 0.0372404100117241 0
1.47139617417549 0.048392817806286 0
1.51089949931865 0.0421089254907126 0
1.54840662482043 0.0282087263341049 0
1.57669089606789 -7.55449133566215E-05 0
1.6019755448316 -0.0310704886444823 0
1.61501517216438 -0.0688854079095318 0
1.62381590440227 -0.107905237638492 0
1.62468526421864 -0.147895789191449 0
1.62555462403501 -0.187886340744406 0
1.62501975651435 -0.227882764543734 0
1.62328226754329 -0.267845010877935 0
1.62154477857224 -0.307807257212139 0
1.61693538630216 -0.347540788428235 0
1.61118916073399 -0.387125897897829 0
1.60544293516582 -0.426711007367422 0
1.59969670959765 -0.466296116837016 0
1.58891580308375 -0.504815878709832 0
1.5774218876611 -0.543128930118677 0
1.56577128298789 -0.581394625078374 0
1.55377821911828 -0.619554373754423 0
1.54220103342306 -0.657842345382319 0
1.536844317583 -0.697482042598733 0
1.53148760174294 -0.737121739815145 0
1.5302788292467 -0.77710347150666 0
1.5302788292467 -0.817103471506659 0
1.54160695003443 -0.855465870798394 0
1.55537713600077 -0.893020923433859 0
1.58427531480177 -0.920677663335471 0
1.61500416598567 -0.946285039322049 0
1.644579076429 -0.973216891695562 0
1.67286334767646 -1.00150116294303 0
1.70114761892392 -1.02978543419049 0
1.72943189017138 -1.05806970543795 0
1.73707411751924 -1.09733287343499 0
1.73104219793239 -1.13687545739327 0
1.72501027834553 -1.17641804135155 0
1.68586842313457 -1.18465910746241 0
1.65613665728468 -1.15790051819752 0
1.62993855016071 -1.12767372241759 0
1.60584227392423 -1.09574615640426 0
1.58174599768776 -1.06381859039093 0
1.55764972145129 -1.0318910243776 0
1.53224238892467 -1.00099656769227 0
1.50590220460993 -0.970893499903996 0
1.4780539537085 -0.942179828565577 0
1.44932434479693 -0.914348019932497 0
1.42059473588536 -0.886516211299419 0
1.39631194401087 -0.854730270715882 0
1.37261632599177 -0.822504230209904 0
1.35082305284029 -0.78896241682206 0
1.33362570962459 -0.752847996069102 0
1.34666645408943 -0.715033462040467 0
1.3631107642137 -0.678569991764906 0
1.37955507433797 -0.642106521489345 0
1.39644316580531 -0.60584645576146 0
1.41379579055623 -0.569806388971097 0
1.42731601030812 -0.532160623500588 0
1.43871482103144 -0.493819169249425 0
1.45066205091251 -0.455645045838807 0
1.46397485562191 -0.417925432495491 0
1.47666960967658 -0.379993345557231 0
1.48148286437735 -0.340283994275883 0
1.48620966226507 -0.300564258857217 0
1.48865406479625 -0.260639017514608 0
1.49109846732743 -0.220713776171998 0
1.4934799200426 -0.180784730566506 0
1.4934799200426 -0.140784730566506 0
1.48652550906916 -0.101393917322648 0
1.44796580434091 -0.0907567573976163 0
1.40799156746536 -0.0893213528493861 0
1.37076150772774 -0.103947447746303 0
1.33334795151486 -0.118097564760149 0
1.29578303743005 -0.131840826010695 0
1.25821812334523 -0.145584087261239 0
1.21969904157399 -0.156367423456506 0
1.18104964398994 -0.166673929478919 0
1.14218972249163 -0.176155833356587 0
1.10332117879566 -0.185602330641541 0
1.06359039316192 -0.180969332376338 0
1.02611236122824 -0.166990880302586 0
0.988634329294559 -0.153012428228834 0
0.951156297360878 -0.139033976155081 0
0.913678265427207 -0.125055524081332 0
0.876200233493525 -0.11107707200758 0
0.838722201559845 -0.0970986199338276 0
0.801244169626163 -0.0831201678600753 0
0.763766137692482 -0.0691417157863229 0
0.798745147681569 -0.0885445212582845 0
0.834468354894696 -0.106540422636325 0
0.870191562107823 -0.124536324014366 0
0.90591476932095 -0.142532225392406 0
0.941637976534067 -0.160528126770442 0
0.977361183747185 -0.178524028148478 0
1.0130843909603 -0.196519929526514 0
1.04880759817342 -0.21451583090455 0
1.08666567008625 -0.227429637122829 0
1.12647665544328 -0.223545638551411 0
1.1662876408003 -0.219661639979994 0
1.20616213191109 -0.216495418469112 0
1.24605676458944 -0.213593990637959 0
1.28595139726779 -0.210692562806806 0
1.32554093621516 -0.20497693458809 0
1.36404697382132 -0.194147111511361 0
1.40403633009996 -0.193224406563889 0
1.44012169896538 -0.210482626456047 0
1.43704601122217 -0.250364202965839 0
1.42102730119229 -0.287016637113916 0
1.39880873106038 -0.320278253750718 0
1.37659016092847 -0.35353987038752 0
1.35437159079656 -0.386801487024319 0
1.33241639335852 -0.420237535018313 0
1.31047013569905 -0.453679451451797 0
1.28723988739742 -0.486242552714499 0
1.26323988739742 -0.518242552714495 0
1.23695196280566 -0.548391267789226 0
1.20830277927986 -0.576305856865644 0
1.17965359575407 -0.604220445942062 0
1.1505320520398 -0.631641891777355 0
1.11864836611364 -0.65579619929717 0
1.08676468018748 -0.679950506816985 0
1.05807799676427 -0.707826557365382 0
1.04776571748819 -0.746474414953248 0
1.05016151999475 -0.786402602119075 0
1.05235673586257 -0.826342319535372 0
1.05424706814312 -0.866297627616635 0
1.05613740042368 -0.906252935697904 0
1.06529088879171 -0.945191523893886 0
1.07818144070388 -0.983057520135895 0
1.09107199261605 -1.0209235163779 0
1.0977822986615 -1.06035664702684 0
1.10056622917546 -1.10025965106029 0
1.10335015968942 -1.14016265509374 0
1.10483306585833 -1.1801351580088 0
1.10628665058261 -1.22010873792666 0
1.1077402353069 -1.26008231784451 0
1.10979098928965 -1.30002971335539 0
1.11223539182083 -1.339954954698 0
1.11467979435201 -1.3798801960406 0
1.11567778554707 -1.41986774427221 0
1.11567778554707 -1.45986774427221 0
1.11567778554707 -1.49986774427221 0
1.11244555065272 -1.53973693861556 0
1.108258159272 -1.57951715673242 0
1.09522118140004 -1.6173329895008 0
1.06975898191343 -1.64818224228436 0
1.03596621889126 -1.66958432553173 0
1.00211007089697 -1.69088599783671 0
0.965463777500883 -1.7069187511975 0
0.965259155018508 -1.66691927458044 0
0.966907238866907 -1.62695324125678 0
0.968555322715305 -1.58698720793312 0
0.970203406563704 -1.54702117460945 0
0.971851490412103 -1.50705514128577 0
0.973083331809352 -1.46707411370053 0
0.968595714345035 -1.42732664473087 0
0.964108096880717 -1.38757917576122 0
0.959620479416399 -1.34783170679156 0
0.955289626127626 -1.30806685158257 0
0.9514519893842 -1.26825137036953 0
0.947614352640774 -1.22843588915649 0
0.943776715897348 -1.18862040794345 0
0.939939079153923 -1.14880492673041 0
0.935530557830339 -1.10904860723603 0
0.927252214188565 -1.06991461911127 0
0.918973870546791 -1.03078063098651 0
0.910695526905017 -0.991646642861751 0
0.906794525643121 -0.951837319969306 0
0.903561890892479 -0.911968158044723 0
0.900329256141837 -0.872098996120129 0
0.897096621391195 -0.832229834195546 0
0.895988654582701 -0.792245182020598 0
0.899453839237295 -0.75239555849277 0
0.902919023891888 -0.712545934964941 0
0.909994479652545 -0.673176683946169 0
0.920779676673338 -0.634658123157603 0
0.949324538062604 -0.606636865365211 0
0.9793711340006 -0.580232281056067 0
1.00862984442938 -0.552957240010371 0
1.03490107422155 -0.522793976174915 0
1.06117230401372 -0.49263071233946 0
1.07642779374224 -0.455654097660145 0
1.09273187779397 -0.41912771208431 0
1.12981628042213 -0.404136145064416 0
1.1669006830503 -0.38914457804452 0
1.19999341629924 -0.366675243249875 0
1.22916754441907 -0.339309749495009 0
1.18955436465947 -0.344859162917399 0
1.15267889759255 -0.360357547626681 0
1.11580343052563 -0.375855932335964 0
1.07797669020414 -0.388861228051566 0
1.04138922604035 -0.37269467411873 0
1.00480176187656 -0.356528120185895 0
0.968038062168527 -0.340766445662623 0
0.930646718944996 -0.326557735237679 0
0.893255375721457 -0.312349024812732 0
0.855864032497925 -0.298140314387789 0
0.822175047857268 -0.276575242769962 0
0.788831360406143 -0.254480028193916 0
0.755487672955018 -0.232384813617869 0
0.722143985503893 -0.210289599041823 0
0.688800298052768 -0.188194384465776 0
0.655456610601643 -0.16609916988973 0
0.684102109782117 -0.194017539768744 0
0.713519579154376 -0.221121275594871 0
0.742937048526635 -0.248225011420998 0
0.772354517898894 -0.275328747247125 0
0.801771987271152 -0.302432483073251 0
0.831189456643411 -0.329536218899378 0
0.86060692601567 -0.356639954725505 0
0.875134156207185 -0.393908702798961 0
0.884352811562356 -0.432831914298562 0
0.887077820094371 -0.4727389854577 0
0.880011257582618 -0.512109833737453 0
0.872944695070864 -0.551480682017212 0
0.83721612327 -0.569465930335505 0
0.801204377471821 -0.586877253219401 0
0.786702584393884 -0.62415590659536 0
0.780487574313734 -0.663670127449424 0
0.774830720064244 -0.703268107195872 0
0.77015782179229 -0.742994219788728 0
0.766329325526518 -0.782810580952739 0
0.762500829260746 -0.822626942116749 0
0.758406939667969 -0.86241689145075 0
0.753786905340987 -0.902149186662796 0
0.749166871014005 -0.941881481874843 0
0.744546836687023 -0.981613777086889 0
0.739926802360041 -1.02134607229894 0
0.735341441587276 -1.06108238398716 0
0.732108806836637 -1.10095154591174 0
0.728876172085997 -1.14082070783633 0
0.725706796164428 -1.18069494834656 0
0.722558696747625 -1.2205708742927 0
0.717960216775947 -1.26030566989997 0
0.711294193020383 -1.29974631045372 0
0.704628169264819 -1.33918695100747 0
0.697962145509256 -1.37862759156123 0
0.691296121753693 -1.41806823211497 0
0.682247146729892 -1.4570312408671 0
0.67318660694348 -1.49599156194867 0
0.66359348633534 -1.53482417758292 0
0.652689383437099 -1.57330924663554 0
0.641785280538859 -1.61179431568816 0
0.630881177640618 -1.65027938474078 0
0.612953061742847 -1.68603665897073 0
0.587965259840671 -1.71727141134845 0
0.562977457938495 -1.74850616372617 0
0.537299688994958 -1.77917621723252 0
0.510328914434105 -1.80871563698965 0
0.54994228119113 -1.81426371541135 0
0.589130878482435 -1.8062478659654 0
0.628247397965441 -1.7978873693572 0
0.667323398661294 -1.78933949420498 0
0.707183469545496 -1.79268235960856 0
0.745989169551309 -1.80238378461001 0
0.732691215795391 -1.84010863617904 0
0.702320951700776 -1.86614029111728 0
0.678037508686582 -1.89792573425366 0
0.654037508686581 -1.92992573425366 0
0.624167366977864 -1.9565297684271 0
0.589867649949362 -1.9771095986442 0
0.549992267317847 -1.98026457249357 0
0.510097634639495 -1.97736314466242 0
0.470203001961143 -1.97446171683127 0
0.430406501758966 -1.97043200571779 0
0.390825182516433 -1.96465972999492 0
0.351243863273901 -1.95888745427205 0
0.313234442752944 -1.94642615611892 0
0.279066500528366 -1.92562827824309 0
0.293971413117664 -1.88850896277654 0
0.316463813973957 -1.85543190269376 0
0.33895621483025 -1.82235484261097 0
0.36066942795833 -1.78876114713616 0
0.380322275435606 -1.75392200842644 0
0.399975122912882 -1.71908286971673 0
0.419589842036757 -1.68422225019138 0
0.439171232305065 -1.64934289877595 0
0.458752622573373 -1.61446354736053 0
0.478334012841676 -1.57958419594511 0
0.493967074291844 -1.54276562196818 0
0.505898074017282 -1.50458642284677 0
0.517829073742717 -1.46640722372537 0
0.53048422658181 -1.428461906404 0
0.54403300531272 -1.39082640992925 0
0.557581784043629 -1.35319091345451 0
0.570078616570686 -1.31519316119479 0
0.577923261976216 -1.27596993416716 0
0.585767907381745 -1.23674670713952 0
0.593612552787275 -1.19752348011188 0
0.598009858291281 -1.1577659185128 0
0.60124249304192 -1.11789675658822 0
0.607255982059236 -1.07835136558195 0
0.616316521845647 -1.03939104450039 0
0.625377061632058 -1.00043072341882 0
0.632531744149937 -0.961075793383714 0
0.639107703642152 -0.921620036430434 0
0.645683663134368 -0.882164279477144 0
0.652259622626583 -0.842708522523864 0
0.655248823915287 -0.802820370452659 0
0.65642478597936 -0.762837660274082 0
0.661590308150207 -0.72317259528356 0
0.669588708630046 -0.683980432932348 0
0.677587109109885 -0.644788270581137 0
0.687404220171446 -0.606011675444319 0
0.6988981355941 -0.567698624035474 0
0.710392051016754 -0.529385572626629 0
0.722143825805797 -0.491150826788481 0
0.733907259759299 -0.452919666439601 0
0.731261282884241 -0.413007277305692 0
0.711835370838567 -0.378041094482946 0
0.677969908870124 -0.35675423267421 0
0.644104446901681 -0.335467370865473 0
0.609772369438579 -0.314941571074302 0
0.5751151708399 -0.294969626119131 0
0.540457972241229 -0.274997681163966 0
0.505800773642558 -0.2550257362088 0
0.535844411227735 -0.28143368653915 0
0.567755137745843 -0.305552258907489 0
0.599665864263952 -0.329670831275827 0
0.63157659078206 -0.353789403644166 0
0.663487317300168 -0.377907976012504 0
0.695398043818276 -0.402026548380842 0
0.69180855428556 -0.44186516739424 0
0.682726204472383 -0.480820409940925 0
0.664604210547349 -0.516479817341797 0
0.646482216622315 -0.55213922474267 0
0.628360222697281 -0.587798632143542 0
0.611255859943764 -0.623957182650935 0
0.600636610920207 -0.66252182384175 0
0.59001736189665 -0.701086465032564 0
0.579398112873096 -0.739651106223369 0
0.568778863849541 -0.778215747414175 0
0.559840509148406 -0.817204281821574 0
0.55145934559917 -0.856316378384669 0
0.543078182049935 -0.895428474947764 0
0.534697018500697 -0.934540571510868 0
0.523847567685775 -0.973041083416747 0
0.508792485807539 -1.01009974650164 0
0.493737403929303 -1.04715840958652 0
0.478682322051067 -1.08421707267141 0
0.463627240172831 -1.1212757357563 0
0.448572158294595 -1.15833439884119 0
0.433517076416359 -1.19539306192608 0
0.418461994538123 -1.23245172501097 0
0.403406912659887 -1.26951038809586 0
0.381482882053496 -1.30296688046985 0
0.358783965620538 -1.33590256313728 0
0.33608504918758 -1.36883824580471 0
0.313386132754622 -1.40177392847214 0
0.290687216321664 -1.43470961113957 0
0.266766761111281 -1.46676911554198 0
0.24094836621341 -1.49732088283779 0
0.215129971315539 -1.52787265013361 0
0.189311576417667 -1.55842441742942 0
0.163493181519796 -1.58897618472524 0
0.137674786621925 -1.61952795202105 0
0.107872301629085 -1.64620775502356 0
0.0764195680761925 -1.67092061710083 0
0.0449668345232996 -1.6956334791781 0
0.0135141009704067 -1.72034634125538 0
-0.0179386325824862 -1.74505920333265 0
-0.0493913661353791 -1.76977206540992 0
-0.0737541712612944 -1.80149672027639 0
-0.063117011336261 -1.84005642500464 0
-0.0391700544986989 -1.87209613877084 0
-0.00412141815162766 -1.89137288876173 0
0.030927218195438 -1.91064963875261 0
0.0690553449817297 -1.92274285783474 0
0.108021453129886 -1.93177847711548 0
0.146987561278043 -1.94081409639621 0
0.1859536694262 -1.94984971567694 0
0.221192379863066 -1.96877676739523 0
0.233010540661647 -2.00699104581755 0
0.208768812051134 -2.03880831461885 0
0.17055542871464 -2.05062936930861 0
0.130906312687336 -2.05591591811225 0
0.0912113283965956 -2.06084625503359 0
0.0514749709617513 -2.05626129071419 0
0.0117386135269069 -2.05167632639478 0
-0.0279977439079375 -2.04709136207538 0
-0.0538781507494818 -2.01659210730225 0
-0.075413721833568 -1.98288425690976 0
-0.100091247457837 -1.95140379107676 0
-0.132091247457837 -1.92740379107675 0
-0.164091247457836 -1.90340379107675 0
-0.196091247457836 -1.87940379107675 0
-0.234750728187663 -1.8691351714178 0
-0.249094411909431 -1.83179539721803 0
-0.247719554637083 -1.79181903210712 0
-0.233093459740167 -1.75458897236951 0
-0.20707414261052 -1.72420813735618 0
-0.173942806085402 -1.70179576264801 0
-0.140998922661607 -1.67910874995443 0
-0.111177455681994 -1.65245016583629 0
-0.0813559887023809 -1.62579158171815 0
-0.051534521722768 -1.59913299760001 0
-0.0217130547431551 -1.57247441348188 0
0.00810841223645785 -1.54581582936374 0
0.0362378222779546 -1.51737754019724 0
0.0633368524680271 -1.48795573599088 0
0.0904358826580996 -1.45853393178452 0
0.116508702741157 -1.42819900055143 0
0.141364491181239 -1.39685909338785 0
0.166220279621322 -1.36551918622427 0
0.191076068061405 -1.33417927906069 0
0.215931856501488 -1.3028393718971 0
0.237965838532438 -1.26945518947698 0
0.259765372556256 -1.23591744482495 0
0.281564906580073 -1.20237970017293 0
0.292930575955942 -1.16402840867396 0
0.304294109143594 -1.12567648416564 0
0.315657642331249 -1.0873245596573 0
0.327021175518904 -1.04897263514896 0
0.338384708706556 -1.01062071064064 0
0.352524691088376 -0.973203322994766 0
0.367269719899697 -0.936020206861868 0
0.38201474871102 -0.898837090728961 0
0.396759777522344 -0.861653974596055 0
0.408930755513155 -0.823550598174184 0
0.421081696898459 -0.785440827465732 0
0.433232638283763 -0.74733105675728 0
0.445383579669067 -0.709221286048828 0
0.457809083789177 -0.671200149198895 0
0.47045819442985 -0.633252817276875 0
0.483107305070524 -0.595305485354855 0
0.494859767036299 -0.557070950733091 0
0.505496926961331 -0.518511246004846 0
0.491699873551541 -0.480966055670964 0
0.46650779521469 -0.449895825722182 0
0.441315716877839 -0.418825595773401 0
0.413346791974043 -0.39022945547919 0
0.384697608448247 -0.362314866402772 0
0.356048424922452 -0.334400277326354 0
0.376270079632196 -0.368912372029506 0
0.39965483909405 -0.401364691282693 0
0.423039598555905 -0.433817010535881 0
0.44642435801776 -0.466269329789068 0
0.455069522997514 -0.505323921356162 0
0.443947199935874 -0.543746491932744 0
0.432046967981196 -0.581935292377701 0
0.41137220401984 -0.616177870188695 0
0.390697440058484 -0.650420447999689 0
0.370022676097128 -0.684663025810682 0
0.348739547295995 -0.718530833954032 0
0.325936285367745 -0.751394358497687 0
0.303133023439495 -0.784257883041343 0
0.280329761511246 -0.817121407584999 0
0.257205671444854 -0.849759980755432 0
0.23388935642678 -0.882261510780623 0
0.210573041408711 -0.914763040805808 0
0.187288497604634 -0.947287339719633 0
0.164181743304064 -0.979938188187828 0
0.141074989003494 -1.01258903665602 0
0.117968234702924 -1.04523988512422 0
0.0948614804023544 -1.07789073359241 0
0.0702865987411533 -1.10945139251041 0
0.0420023274936917 -1.13773566375787 0
0.0136514649857296 -1.16595318659485 0
-0.0185064232475042 -1.18974121350711 0
-0.0506643114807482 -1.21352924041937 0
-0.0828221997139819 -1.23731726733163 0
-0.114980087947226 -1.26110529424389 0
-0.14713797618047 -1.28489332115615 0
-0.181584243968672 -1.30522690508676 0
-0.218320748601107 -1.32105186092842 0
-0.255057253233543 -1.33687681677009 0
-0.291793757865979 -1.35270177261175 0
-0.328626565737092 -1.36830126825519 0
-0.366167652271289 -1.3821094839919 0
-0.403708738805486 -1.39591769972862 0
-0.441249825339682 -1.40972591546534 0
-0.478790911873879 -1.42353413120205 0
-0.516331998408076 -1.43734234693877 0
-0.552356837344922 -1.45472656333106 0
-0.585861261218463 -1.47657727455294 0
-0.619365685092009 -1.49842798577481 0
-0.651170949229948 -1.52268546241844 0
-0.656344516592662 -1.56234947886588 0
-0.626259293584161 -1.58871004328565 0
-0.591092738972269 -1.60777082597495 0
-0.571247181437994 -1.64250055165993 0
-0.55225323010026 -1.6777032477581 0
-0.53722502575069 -1.71477281848703 0
-0.522196821401121 -1.75184238921597 0
-0.562181063755401 -1.75071973016076 0
-0.597921596916897 -1.73275826336843 0
-0.630953636191836 -1.71019979752213 0
-0.663985675466775 -1.68764133167584 0
-0.693029097131837 -1.66013715639306 0
-0.718866786790484 -1.6296017049783 0
-0.741420730487111 -1.59656657785988 0
-0.760574815714335 -1.56145075494331 0
-0.779728900941555 -1.52633493202673 0
-0.792073427219713 -1.48828742657673 0
-0.795489472873568 -1.44843356061506 0
-0.776179249692957 -1.41340335535282 0
-0.738274722224801 -1.40062654834108 0
-0.700370194756645 -1.38784974132934 0
-0.662465667288477 -1.3750729343176 0
-0.624561139820308 -1.36229612730585 0
-0.586656612352152 -1.34951932029412 0
-0.548717300755984 -1.33684617405458 0
-0.510769968833961 -1.32419706341391 0
-0.47302182755234 -1.31096536549629 0
-0.437541116589401 -1.2924959543101 0
-0.402060405626463 -1.27402654312391 0
-0.366579694663524 -1.25555713193773 0
-0.331098983700586 -1.23708772075154 0
-0.295710426433918 -1.21844234559888 0
-0.262219606251425 -1.19657078956133 0
-0.228728786068926 -1.17469923352378 0
-0.195237965886433 -1.15282767748623 0
-0.162447419675292 -1.12991959857997 0
-0.130514771841982 -1.10583005723203 0
-0.0985821240086719 -1.0817405158841 0
-0.066649476175362 -1.05765097453617 0
-0.0351787665105695 -1.03296100829086 0
-0.00945108305364256 -1.00233281369927 0
0.0161374731867178 -0.971588289153694 0
0.0401374731867156 -0.939588289153697 0
0.0641374731867133 -0.9075882891537 0
0.0881862853808095 -0.875624956535632 0
0.115177053362611 -0.846103804055538 0
0.142167821344413 -0.816582651575444 0
0.168838805897493 -0.786772274473335 0
0.192738058798914 -0.754696961368795 0
0.216637311700334 -0.722621648264256 0
0.240536564601755 -0.690546335159716 0
0.263238122766486 -0.657612473301543 0
0.281126666586484 -0.621835385661546 0
0.289428513273148 -0.582706376709219 0
0.295831359615296 -0.543222157599312 0
0.287392793881079 -0.504122405575179 0
0.268480085688498 -0.468875994852639 0
0.249567377495917 -0.4336295841301 0
0.242944307545773 -0.473077460428264 0
0.241435947149764 -0.513049010922528 0
0.239927586753754 -0.553020561416791 0
0.222274183444764 -0.588914256568029 0
0.203980262939932 -0.624485768660756 0
0.177790334217242 -0.654719650870963 0
0.146395023595909 -0.679505422414123 0
0.114999712974576 -0.704291193957283 0
0.0836044023532421 -0.729076965500443 0
0.0522277428865212 -0.753886343580301 0
0.0209929905088048 -0.778874145482472 0
-0.010241761868918 -0.803861947384649 0
-0.0414765142466344 -0.828849749286821 0
-0.0730697926717463 -0.853382681405784 0
-0.104916280436664 -0.877586012107122 0
-0.136762768201582 -0.90178934280846 0
-0.168609255966511 -0.925992673509805 0
-0.200455743731429 -0.950196004211143 0
-0.232302231496358 -0.974399334912489 0
-0.269839285722978 -0.98821850854871 0
-0.308253134793124 -0.999370916343271 0
-0.344787871593853 -1.01565627808016 0
-0.380873240459286 -1.03291449797233 0
-0.41695860932472 -1.05017271786449 0
-0.453043978190144 -1.06743093775665 0
-0.489462543163078 -1.08397445991223 0
-0.527530887873494 -1.09625457110914 0
-0.56559923258391 -1.10853468230605 0
-0.603667577294335 -1.12081479350296 0
-0.641920317212726 -1.13250786361885 0
-0.681032413775831 -1.14088902716809 0
-0.720144510338935 -1.14927019071733 0
-0.759256606902028 -1.15765135426656 0
-0.798368703465121 -1.1660325178158 0
-0.837480800028214 -1.17441368136503 0
-0.876691495581008 -1.1823207259625 0
-0.915914722608649 -1.19016537136802 0
-0.955137949636289 -1.19801001677355 0
-0.989645945614412 -1.21823866511135 0
-1.01463374751659 -1.24947341748907 0
-1.00942077988599 -1.28913227486649 0
-1.00233465995338 -1.32849960782544 0
-0.995248540020768 -1.36786694078438 0
-0.986267701109057 -1.40684571106312 0
-0.976932783010044 -1.44574120314234 0
-0.967597864911031 -1.48463669522156 0
-0.94555918160126 -1.51801777426302 0
-0.918800592336359 -1.54774954011291 0
-0.892042003071457 -1.5774813059628 0
-0.865283413806555 -1.60721307181269 0
-0.838524824541654 -1.63694483766259 0
-0.811766235276761 -1.66667660351247 0
-0.851691349690426 -1.66423012869027 0
-0.891482607234869 -1.66014897407032 0
-0.930671938831661 -1.65213671540022 0
-0.969354920322165 -1.64195698342904 0
-1.00696279319997 -1.62833171654698 0
-1.0392189930342 -1.60467717000188 0
-1.07147519286842 -1.58102262345678 0
-1.10373139270265 -1.55736807691168 0
-1.11153278148301 -1.51813622336004 0
-1.11392847311212 -1.4782080295414 0
-1.11632416474124 -1.43827983572277 0
-1.1080710798973 -1.39914051290596 0
-1.113261967772 -1.35947875950205 0
-1.1256254106655 -1.32143739675281 0
-1.13841324048492 -1.28353658662283 0
-1.15405886609871 -1.24672334988448 0
-1.16970449171251 -1.20991011314614 0
-1.17350179690328 -1.17009076516946 0
-1.16450741663533 -1.13111511734167 0
-1.12556994230782 -1.12195689191342 0
-1.08583358487298 -1.11737192759402 0
-1.04609722743812 -1.11278696327461 0
-1.007017183509 -1.10425759245976 0
-0.96825660209591 -1.09437744425642 0
-0.929496020682825 -1.08449729605309 0
-0.89129953956427 -1.07262174005934 0
-0.853725246771459 -1.05890414110323 0
-0.816150953978657 -1.04518654214713 0
-0.778576661185855 -1.03146894319102 0
-0.74176451647264 -1.01582074835542 0
-0.706254335214684 -0.997408061777221 0
-0.676710020539351 -0.97044264929447 0
-0.653460492790588 -0.937893310446201 0
-0.613522833082097 -0.935660971536181 0
-0.573562280823452 -0.933884946991352 0
-0.533671323370843 -0.930933419672488 0
-0.4942674525372 -0.924053378733279 0
-0.454863581703557 -0.91717333779407 0
-0.415459710869905 -0.910293296854859 0
-0.376505171869866 -0.901207929977598 0
-0.338995221440916 -0.887315355744655 0
-0.303374055686919 -0.869118307898197 0
-0.269683199660463 -0.847556160041265 0
-0.235992343634007 -0.825994012184333 0
-0.202301487607545 -0.804431864327398 0
-0.184966421886434 -0.768383348457187 0
-0.169497354836409 -0.731495573184046 0
-0.143564958582023 -0.701040510805104 0
-0.116207313426774 -0.671859022639505 0
-0.0876985428472861 -0.643801046945484 0
-0.0546214827645056 -0.621308646089193 0
-0.0214402303586623 -0.598970237713048 0
0.0119506768076281 -0.576946447879964 0
0.045341583973925 -0.554922658046875 0
0.0787324911402153 -0.53289886821379 0
0.0401961095520369 -0.543620215801204 0
0.0020449126213419 -0.555640455930052 0
-0.0361062843093531 -0.567660696058901 0
-0.0742574812400582 -0.579680936187752 0
-0.114088082214426 -0.583358330104762 0
-0.152926417007054 -0.573788390160555 0
-0.179787193996608 -0.544148912103118 0
-0.206647970986166 -0.514509434045677 0
-0.233179561191654 -0.484574926847998 0
-0.259308891453523 -0.454288657680833 0
-0.285438221715392 -0.424002388513668 0
-0.31156755197726 -0.393716119346504 0
-0.337792295210721 -0.363512430129154 0
-0.364217411006402 -0.333483889452245 0
-0.390642526802082 -0.303455348775335 0
-0.417067642597762 -0.273426808098426 0
-0.443300821815299 -0.243230445599928 0
-0.468908197801875 -0.212501594416035 0
-0.494515573788452 -0.181772743232141 0
-0.520122949775028 -0.151043892048248 0
-0.532862621999725 -0.188960916609879 0
-0.515101002544738 -0.224801185503069 0
-0.496947890166496 -0.260444761515901 0
-0.475661028357765 -0.294310223484336 0
-0.454374166549028 -0.328175685452781 0
-0.433087304740291 -0.362041147421226 0
-0.411800442931561 -0.395906609389661 0
-0.390494197488929 -0.42975987961778 0
-0.365627883106365 -0.461091435739811 0
-0.340761568723809 -0.492422991861834 0
-0.315895254341252 -0.523754547983857 0
-0.291028939958695 -0.55508610410588 0
-0.265647857668821 -0.586002130076153 0
-0.234413105291099 -0.610989931978332 0
-0.203178352913377 -0.635977733880511 0
-0.202404141391097 -0.675970240635135 0
-0.228796188319703 -0.706027849637157 0
-0.255188235248304 -0.736085458639172 0
-0.287308567895493 -0.759924171495236 0
-0.324642392143615 -0.774283334667591 0
-0.361976216391736 -0.788642497839945 0
-0.399467328820637 -0.802585829179468 0
-0.43938694692579 -0.80512040810678 0
-0.479306565030943 -0.807654987034091 0
-0.519226183136097 -0.810189565961402 0
-0.559139040443942 -0.812828471325997 0
-0.599013656146985 -0.815993123365922 0
-0.638888271850045 -0.819157775405849 0
-0.678762887553096 -0.822322427445775 0
-0.718301364329837 -0.828381210671433 0
-0.75617227412262 -0.841257320000978 0
-0.794043183915411 -0.854133429330525 0
-0.831929509507763 -0.866964108701091 0
-0.870063198521796 -0.87903977688887 0
-0.908196887535829 -0.891115445076649 0
-0.946330576549854 -0.903191113264425 0
-0.984981196072727 -0.913493035924694 0
-1.02486820960695 -0.916497391316493 0
-1.06475522314118 -0.919501746708292 0
-1.10454464615825 -0.915402744882383 0
-1.14387787136482 -0.908129685357721 0
-1.18321109657139 -0.900856625833059 0
-1.16969939894229 -0.863207800789244 0
-1.13139907137412 -0.85167155754582 0
-1.09309874380597 -0.840135314302402 0
-1.05479841623781 -0.828599071058981 0
-1.01649808866964 -0.81706282781556 0
-0.977430861215979 -0.808474944544159 0
-0.938207634188342 -0.800630299138629 0
-0.898984407160704 -0.7927856537331 0
-0.863432244835013 -0.774454157504813 0
-0.838689860581756 -0.7430246423723 0
-0.813947476328504 -0.711595127239795 0
-0.789205092075252 -0.680165612107289 0
-0.750181784486487 -0.688950910328361 0
-0.714404696846491 -0.706839454148359 0
-0.678627609206496 -0.724727997968357 0
-0.638707294097906 -0.727251575118214 0
-0.598717166984642 -0.72814024460962 0
-0.558727039871378 -0.729028914101026 0
-0.518736912758127 -0.729917583592432 0
-0.478746785644863 -0.730806253083837 0
-0.517337654355241 -0.720282715077136 0
-0.556733347218063 -0.713355999848509 0
-0.596129040080885 -0.706429284619881 0
-0.635524732943707 -0.699502569391253 0
-0.674920425806529 -0.692575854162625 0
-0.707861513682368 -0.669884782580254 0
-0.740087554188343 -0.646189164561153 0
-0.768092394552754 -0.617628196157354 0
-0.786958484566241 -0.582356810479964 0
-0.805824574579729 -0.547085424802573 0
-0.824690664593217 -0.511814039125183 0
-0.843556754606705 -0.476542653447793 0
-0.862422844620192 -0.441271267770403 0
-0.879650311535434 -0.405171207054621 0
-0.89426182244435 -0.367935421189962 0
-0.908873333353266 -0.330699635325303 0
-0.923484844262182 -0.293463849460644 0
-0.938096355171099 -0.256228063595985 0
-0.953285971714947 -0.219224340144815 0
-0.970930725717833 -0.183326392345841 0
-0.988575479720715 -0.147428444546876 0
-1.0062202337236 -0.111530496747902 0
-1.02374067709512 -0.0755717138977283 0
-1.04058512935331 -0.0392913551877929 0
-1.05742958161149 -0.00301099647785748 0
-1.07427403386967 0.0332693622320779 0
-1.07684603271027 -0.00664786239543989 0
-1.07175946007085 -0.0463231289828671 0
-1.06667288743144 -0.0859983955703053 0
-1.06158631479202 -0.125673662157743 0
-1.05553541148304 -0.165213345630754 0
-1.0491803859912 -0.20470528975861 0
-1.04282536049936 -0.244197233886466 0
-1.03647033500752 -0.283689178014335 0
-1.03011530951568 -0.323181122142191 0
-1.02256292185109 -0.36246167000705 0
-1.01286149684963 -0.401267370012866 0
-1.00316007184818 -0.440073070018683 0
-0.993458646846722 -0.4788787700245 0
-0.983757221845267 -0.517684470030316 0
-0.974055796843812 -0.556490170036133 0
-0.963657570613987 -0.595114992252855 0
-0.952668725498093 -0.633575950158486 0
-0.941679880382197 -0.672036908064122 0
-0.96632331645742 -0.703544066907888 0
-0.99880657340714 -0.726885832435336 0
-1.03769551889345 -0.736247985978339 0
-1.07658446437977 -0.745610139521342 0
-1.11547340986608 -0.754972293064345 0
-1.15529926433245 -0.751243846199626 0
-1.19497269534475 -0.746142976498043 0
-1.23464612635705 -0.74104210679646 0
-1.27431955736935 -0.735941237094877 0
-1.31416203452588 -0.73239482848449 0
-1.35408877439113 -0.729975026068415 0
-1.39282353548658 -0.739955921963989 0
-1.42817505214046 -0.75867143078075 0
-1.46479196101254 -0.774771181855034 0
-1.50414675741653 -0.781926599383033 0
-1.51841819148436 -0.819294047377882 0
-1.52811961648581 -0.858099747383696 0
-1.53782104148727 -0.896905447389509 0
-1.55343821593071 -0.933730762899402 0
-1.57692732053826 -0.966107636817916 0
-1.60041642514581 -0.998484510736437 0
-1.62390552975336 -1.03086138465495 0
-1.63744997805401 -0.99322432950672 0
-1.63976493203459 -0.953291373341816 0
-1.64207988601516 -0.913358417176911 0
-1.64387898468224 -0.87339889710989 0
-1.63855368073369 -0.833754967715146 0
-1.63322837678514 -0.794111038320403 0
-1.62790307283659 -0.75446710892565 0
-1.62257776888804 -0.714823179530897 0
-1.58535658699653 -0.700174506601251 0
-1.54719072749302 -0.688200903619759 0
-1.50902486798951 -0.676227300638263 0
-1.47656650032295 -0.652850937182374 0
-1.44768196578959 -0.625179947594151 0
-1.41879743125624 -0.597508958005929 0
-1.37978387189834 -0.588680470806686 0
-1.34411519039527 -0.606784204118725 0
-1.3084465088922 -0.624887937430764 0
-1.27277782738914 -0.642991670742804 0
-1.23710914588608 -0.661095404054837 0
-1.20144046438301 -0.679199137366877 0
-1.22915046253578 -0.650352023085328 0
-1.25717878313116 -0.621814096660946 0
-1.28520710372653 -0.593276170236571 0
-1.3132354243219 -0.564738243812196 0
-1.34215655989362 -0.537105511098214 0
-1.37400304765854 -0.512902180396873 0
-1.39726788507137 -0.480363782462216 0
-1.39935112276625 -0.440418067789597 0
-1.40143436046113 -0.400472353116978 0
-1.40351759815601 -0.360526638444359 0
-1.40560083585089 -0.32058092377174 0
-1.40717225913676 -0.280611802829985 0
-1.40831296868598 -0.240628071366737 0
-1.4094536782352 -0.200644339903498 0
-1.41059438778442 -0.16066060844026 0
-1.41453919567815 -0.120855602590736 0
-1.42141217867604 -0.0814505000694885 0
-1.42828516167394 -0.0420453975482414 0
-1.43515814467183 -0.00264029502699435 0
-1.44203112766972 0.0367648074942527 0
-1.44962405040937 0.0760375400738639 0
-1.46175219670045 0.114154571274395 0
-1.47388034299153 0.152271602474927 0
-1.48600848928261 0.190388633675459 0
-1.49813663557368 0.22850566487599 0
-1.50403336987962 0.188942695769444 0
-1.50814933592304 0.149155024016377 0
-1.51226530196646 0.109367352263311 0
-1.51638126800988 0.0695796805102439 0
-1.5204972340533 0.029792008757177 0
-1.52896209425111 -0.00930205910268947 0
-1.53894513747865 -0.0480362668255359 0
-1.54892818070619 -0.0867704745483824 0
-1.55891122393373 -0.125504682271229 0
-1.56889426716127 -0.164238889994075 0
-1.5788773103888 -0.202973097716922 0
-1.58963906319486 -0.241498215192944 0
-1.60092571615452 -0.279872835255801 0
-1.61221236911418 -0.318247455318659 0
-1.62349902207384 -0.356622075381504 0
-1.6347856750335 -0.39499669544435 0
-1.64444881631745 -0.433811946319829 0
-1.64569820641256 -0.473792429363317 0
-1.66095750959709 -0.510767470490037 0
-1.69860529642756 -0.524282060634308 0
-1.73625308325803 -0.53779665077858 0
-1.77600292670412 -0.533330114535396 0
-1.81524039571349 -0.525557018257933 0
-1.85447786472286 -0.51778392198047 0
-1.89371533373224 -0.510010825703006 0
-1.92658676407894 -0.532802689754938 0
-1.95782019921656 -0.557792138118279 0
-1.98905363435417 -0.582781586481621 0
-2.01582814141005 -0.612499018603442 0
-2.02808939605362 -0.650573440917712 0
-2.0403506506972 -0.68864786323199 0
-2.05261190534078 -0.726722285546268 0
-2.07472163862112 -0.760056347619052 0
-2.10473599841451 -0.786497569341804 0
-2.13475035820791 -0.812938791064561 0
-2.14686290497744 -0.774816799894683 0
-2.1374506169451 -0.735939958021958 0
-2.12803832891276 -0.697063116149247 0
-2.11862604088042 -0.658186274276536 0
-2.10921375284808 -0.619309432403824 0
-2.08706450773087 -0.586001611389264 0
-2.0583049726889 -0.55820072751536 0
-2.02954543764693 -0.530399843641455 0
-2.00078590260496 -0.502598959767551 0
-1.97202636756301 -0.474798075893659 0
-1.94326683252105 -0.446997192019767 0
-1.91450729747909 -0.419196308145874 0
-1.88574776243712 -0.39139542427197 0
-1.9070113009319 -0.357515313134589 0
-1.92952294001518 -0.324451343231021 0
-1.95203457909846 -0.291387373327454 0
-1.97195283692916 -0.256699291728879 0
-1.98923764414638 -0.2206266505799 0
-2.0065224513636 -0.184554009430915 0
-2.02110741028806 -0.14730781535459 0
-2.02712509016751 -0.107763061860999 0
-2.03314277004697 -0.0682183083674201 0
-2.03916044992643 -0.0286735548738287 0
-2.04517812980589 0.0108711986197628 0
-2.05119580968535 0.0504159521133542 0
-2.05697824933472 0.0899957877838225 0
-2.06256400305659 0.129603859629837 0
-2.06814975677846 0.169211931475842 0
-2.07373551050033 0.208820003321846 0
-2.07932126422221 0.24842807516785 0
-2.09208441055353 0.210518945716946 0
-2.10092677177924 0.171508528544679 0
-2.10976913300496 0.132498111372412 0
-2.11861149423067 0.0934876942001449 0
-2.12755582513881 0.0545005303560618 0
-2.13658490854812 0.0155329072211128 0
-2.14561399195744 -0.0234347159138361 0
-2.15464307536675 -0.062402339048785 0
-2.16367215877607 -0.101369962183734 0
-2.16923817607312 -0.140980812357005 0
-2.16923817607312 -0.180980812357008 0
-2.16923817607312 -0.220980812357012 0
-2.16650780055188 -0.260887516674869 0
-2.15818349477329 -0.300011753834258 0
-2.14985918899469 -0.339135990993654 0
-2.16313105995196 -0.376870026575526 0
-2.19538725978619 -0.400524573120627 0
-2.22982387551167 -0.420874499345922 0
-2.26805503586055 -0.432637933299425 0
-2.30628619620943 -0.444401367252926 0
-2.34451735655831 -0.456164801206426 0
-2.38203894453166 -0.470025913570053 0
-2.41252217159908 -0.495925196717567 0
-2.44300539866651 -0.521824479865081 0
-2.47348862573392 -0.54772376301258 0
-2.50397185280135 -0.573623046160094 0
-2.53445507986878 -0.599522329307608 0
-2.56493830693621 -0.625421612455123 0
-2.59542153400364 -0.651320895602637 0
-2.62590476107107 -0.677220178750151 0
-2.65638798813849 -0.703119461897665 0
-2.68687121520592 -0.72901874504518 0
-2.72549015709427 -0.718598700543161 0
-2.71706263801081 -0.679496566047741 0
-2.69773954429436 -0.64447345868667 0
-2.67015746610499 -0.615504009904277 0
-2.64100354322124 -0.588116991437717 0
-2.61218005058129 -0.560382423259455 0
-2.59038051655747 -0.526844678607433 0
-2.56858098253366 -0.493306933955411 0
-2.54678144850984 -0.459769189303389 0
-2.52498191448602 -0.426231444651367 0
-2.50011918333585 -0.394897045028045 0
-2.47377899902111 -0.364793977239768 0
-2.4342784479417 -0.358492670674972 0
-2.3944009128292 -0.361620320487717 0
-2.35452337771671 -0.364747970300462 0
-2.38797030967172 -0.342809357245006 0
-2.42389897855362 -0.325227242685777 0
-2.45959193720644 -0.307171420837727 0
-2.49287394897995 -0.284983412988717 0
-2.52389091040551 -0.259725778421616 0
-2.54961859386244 -0.229097583830026 0
-2.57456616065813 -0.197830685823119 0
-2.59793834969194 -0.16536931216506 0
-2.61805179678599 -0.130794042882016 0
-2.63395609429137 -0.0940918178696104 0
-2.64986039179674 -0.0573895928572216 0
-2.6657646893021 -0.0206873678448329 0
-2.68166898680748 0.0160148571675643 0
-2.69757328431285 0.0527170821799615 0
-2.71792573587483 0.0182819588983894 0
-2.72605439414813 -0.0208833946002785 0
-2.73269961240524 -0.0603275459324475 0
-2.724202426632 -0.0994146004893562 0
-2.71570524085876 -0.138501655046265 0
-2.70549937382651 -0.177177749447333 0
-2.68899015874214 -0.213611879288709 0
-2.67248094365776 -0.250046009130085 0
-2.65597172857339 -0.286480138971461 0
-2.63946251348902 -0.322914268812837 0
-2.63123259666573 -0.362058469776473 0
-2.66501293980372 -0.383480150790807 0
-2.6987932829417 -0.404901831805134 0
-2.73290771813894 -0.425787360555285 0
-2.76834097955014 -0.444347640342109 0
-2.80377424096135 -0.462907920128932 0
-2.84004831430924 -0.4797659034826 0
-2.87806812731626 -0.492195457734893 0
-2.91608794032328 -0.504625011987187 0
-2.9541077533303 -0.51705456623948 0
-2.99386434371787 -0.521460643945953 0
-3.02821473665182 -0.541955777643563 0
-3.05021435943244 -0.575362612236354 0
-3.07221398221306 -0.608769446829144 0
-3.10399648875362 -0.633056733174039 0
-3.14066432734196 -0.649040149994594 0
-3.1773321659303 -0.665023566815148 0
-3.21358180369506 -0.68193402990531 0
-3.24982912929487 -0.698849448518558 0
-3.28607645489467 -0.715764867131801 0
-3.32604122575739 -0.714086448265419 0
-3.36595263207165 -0.711425687844467 0
-3.40541307032819 -0.704877878088385 0
-3.43942367619571 -0.683823693503732 0
-3.40180653528099 -0.67022403507415 0
-3.36224261277375 -0.664333700971444 0
-3.32276277827618 -0.657903874531666 0
-3.28771550565273 -0.638624645250997 0
-3.25266823302928 -0.619345415970322 0
-3.21809478718978 -0.599228834680662 0
-3.18354363115385 -0.579073993659698 0
-3.1496936019864 -0.557762599398334 0
-3.11696593411198 -0.534764778729819 0
-3.08423826623756 -0.511766958061304 0
-3.1219782343353 -0.498511966247579 0
-3.16197118862824 -0.499262703833047 0
-3.20062072564643 -0.509568686963294 0
-3.22930052239902 -0.481685551231614 0
-3.25798031915158 -0.453802415499953 0
-3.28666011590415 -0.425919279768293 0
-3.31533991265673 -0.398036144036613 0
-3.34401970940932 -0.370153008304933 0
-3.37269950616188 -0.342269872573272 0
-3.35369997084518 -0.377469555210346 0
-3.33354512982421 -0.412020711246293 0
-3.31339028880324 -0.446571867282241 0
-3.29323544778227 -0.481123023318188 0
-3.2730806067613 -0.515674179354136 0
-3.28921905781317 -0.552274048174205 0
-3.32826654022053 -0.560951266486951 0
-3.36731402262789 -0.569628484799697 0
-3.40636150503525 -0.578305703112442 0
-3.4454089874426 -0.586982921425188 0
-3.48454966729374 -0.595229568064288 0
-3.52402366411057 -0.601695136508423 0
-3.5634976609274 -0.608160704952559 0
-3.6029716577442 -0.614626273396689 0
-3.64244565456103 -0.621091841840824 0
-3.68191965137786 -0.627557410284959 0
-3.72139364819469 -0.634022978729095 0
-3.76086764501153 -0.64048854717323 0
-3.79984516848378 -0.649474795777103 0
-3.838814726011 -0.658495526686182 0
-3.87778428353819 -0.667516257595255 0
-3.91675384106538 -0.676536988504327 0
-3.95572339859257 -0.6855577194134 0
-3.99469295611976 -0.694578450322472 0
-4.03408753472569 -0.70151149990128 0
-4.07403504126476 -0.699462909822353 0
-4.11398254780383 -0.697414319743427 0
-4.1539300543429 -0.6953657296645 0
-4.19387756088197 -0.693317139585573 0
-4.23382506742104 -0.691268549506647 0
-4.27377257396011 -0.68921995942772 0
-4.31371742539532 -0.687120234727083 0
-4.35288784217561 -0.679016010565646 0
-4.39057454190042 -0.665610315363544 0
-4.41701576362318 -0.635595955570148 0
-4.44345698534594 -0.60558159577674 0
-4.46989820706871 -0.575567235983332 0
-4.49162465266754 -0.541982096983456 0
-4.51206766838262 -0.507600661462631 0
-4.5317772673616 -0.472793597408232 0
-4.54746871117554 -0.435999867085889 0
-4.56316015498949 -0.399206136763527 0
-4.57885159880343 -0.362412406441183 0
-4.59454304261737 -0.32561867611884 0
-4.60866740001992 -0.288195387541209 0
-4.62184228627266 -0.250427380283374 0
-4.63501717252539 -0.212659373025539 0
-4.62980741395557 -0.173000093964463 0
-4.62113019564282 -0.133952611557106 0
-4.5890231088657 -0.110096061540665 0
-4.55048239248051 -0.0993903069892221 0
-4.51091856523571 -0.0934993330677878 0
-4.47091856523571 -0.0934993330677878 0
-4.43091856523572 -0.0934993330677878 0
-4.39091856523573 -0.0934993330677878 0
-4.3509415826231 -0.0948561164658863 0
-4.31099498322542 -0.0969223198830062 0
-4.27104838382774 -0.0989885233001262 0
-4.23108974748718 -0.100807144151847 0
-4.1910935000084 -0.100259250350769 0
-4.15109725252964 -0.0997113565496912 0
-4.11110100505088 -0.0991634627486136 0
-4.07110475757212 -0.098615568947536 0
-4.10764393354347 -0.0823401697409261 0
-4.14585174824246 -0.0705011285665917 0
-4.18405956294145 -0.0586620873922572 0
-4.22226737764046 -0.0468230462179167 0
-4.26077434176881 -0.03599651798316 0
-4.29935267324229 -0.025427112100016 0
-4.33793100471576 -0.014857706216872 0
-4.37650933618924 -0.00428830033372802 0
-4.41525191055405 0.00566222385274854 0
-4.45470766750733 0.0122381833449614 0
-4.49416342446061 0.0188141428371742 0
-4.53361918141388 0.025390102329387 0
-4.5713226561743 0.0387485450152064 0
-4.60506911568359 0.0602235647029365 0
-4.63801797700337 0.0829033472797225 0
-4.65156675573428 0.120538843754474 0
-4.65456298330266 0.16042646865692 0
-4.64460134171023 0.199166185960796 0
-4.63463970011781 0.237905903264673 0
-4.62467805852538 0.276645620568549 0
-4.61468227737437 0.315376543087656 0
-4.60391809590022 0.353900982047772 0
-4.59315391442607 0.392425421007888 0
-4.58238973295192 0.430949859968004 0
-4.57162555147777 0.46947429892812 0
-4.55109647927042 0.50380441973051 0
-4.52709647927042 0.535804419730512 0
-4.50309647927042 0.567804419730514 0
-4.47723551258956 0.598320159969473 0
-4.43723551258957 0.598320159969473 0
-4.39723551258957 0.598320159969473 0
-4.35723551258957 0.598320159969473 0
-4.31723551258958 0.598320159969473 0
-4.27955006530382 0.584910944374503 0
-4.24462215722323 0.565416298003939 0
-4.20969424914263 0.545921651633375 0
-4.17590920487282 0.524507385741536 0
-4.14273172778861 0.502163370562372 0
-4.10955425070439 0.479819355383209 0
-4.07620337841317 0.457734987214425 0
-4.03970300543257 0.441372751050708 0
-4.00288132671124 0.425747003831992 0
-3.96381155298437 0.417170712038291 0
-3.9247417792575 0.408594420244589 0
-3.88851750092056 0.391629702181266 0
-3.85622185603025 0.368029038607572 0
-3.82475727481829 0.343331262813873 0
-3.7939415019733 0.317828554252502 0
-3.76239857018671 0.293230923181509 0
-3.72896380880753 0.271273766454886 0
-3.69552904742836 0.249316609728264 0
-3.66209428604918 0.227359453001641 0
-3.62865952467 0.205402296275019 0
-3.65385819109616 0.236467183371914 0
-3.68263424952085 0.264250963919899 0
-3.71141030794555 0.292034744467884 0
-3.74018636637025 0.31981852501587 0
-3.76633109566305 0.35009150191287 0
-3.79122086068606 0.381404432103117 0
-3.81611062570908 0.412717362293363 0
-3.84728194861702 0.437784245389778 0
-3.88131386851139 0.458803960618653 0
-3.91595243923598 0.478808195624226 0
-3.9527182404367 0.494564967567391 0
-3.98767922376893 0.5140002356243 0
-4.01804948786354 0.540031890562538 0
-4.04841975195815 0.566063545500776 0
-4.07797367022766 0.593018432161992 0
-4.10673320526962 0.620819316035894 0
-4.13549274031159 0.648620199909796 0
-4.16379801122223 0.676883455891277 0
-4.19208228246969 0.705167727138735 0
-4.15230782620815 0.709409499067785 0
-4.1123373792229 0.707872174183737 0
-4.07236693223765 0.706334849299689 0
-4.0391368161095 0.684069194534805 0
-4.00648019052923 0.660970605709735 0
-3.97382356494896 0.637872016884665 0
-3.94022904621104 0.616160077524753 0
-3.90651215782793 0.594638659407872 0
-3.87279526944482 0.573117241290992 0
-3.83526620661836 0.559276379924443 0
-3.79553237717703 0.554669559119652 0
-3.75579854773571 0.550062738314861 0
-3.71606471829438 0.545455917510069 0
-3.67674545666286 0.538107743263898 0
-3.64013285536596 0.521998198693254 0
-3.61097536849881 0.494614974639241 0
-3.58934506484627 0.460967835624172 0
-3.56771476119373 0.427320696609118 0
-3.5460844575412 0.393673557594065 0
-3.52332572991504 0.360779176358983 0
-3.49955008747169 0.328612130700333 0
-3.47577444502834 0.296445085041682 0
-3.45190253543051 0.264349416608824 0
-3.42123222851079 0.238671950350453 0
-3.39056192159107 0.212994484092082 0
-3.35989161467135 0.187317017833711 0
-3.32680182390942 0.164843349968138 0
-3.29213692563445 0.144884772173462 0
-3.25481311428651 0.130499602502465 0
-3.21490576657923 0.133220558027959 0
-3.17499841887197 0.135941513553452 0
-3.13846339715836 0.152226236099028 0
-3.1068893084633 0.176783860639629 0
-3.07531521976825 0.201341485180229 0
-3.04391757030276 0.22612429390003 0
-3.01387097436476 0.252528878209178 0
-2.98382437842677 0.278933462518326 0
-2.95348523329107 0.305001379052525 0
-2.92275638210717 0.330608755039106 0
-2.89202753092327 0.356216131025687 0
-2.86129867973937 0.381823507012267 0
-2.8308786351421 0.407796972062197 0
-2.80299549941043 0.436476768814772 0
-2.77511236367876 0.465156565567348 0
-2.74709371521436 0.493703988187046 0
-2.71562418889095 0.518395462686947 0
-2.68415466256753 0.543086937186862 0
-2.6526851362441 0.567778411686777 0
-2.62121560992068 0.592469886186692 0
-2.58974608359726 0.617161360686607 0
-2.55986572476036 0.643753918964784 0
-2.53003948073568 0.670407158305992 0
-2.50021323671099 0.6970603976472 0
-2.4702707485322 0.723582980509034 0
-2.4393350643338 0.748940098704444 0
-2.4083993801354 0.774297216899854 0
-2.37746369593698 0.799654335095278 0
-2.34652801173857 0.825011453290702 0
-2.31490840710436 0.849510445163373 0
-2.2815240308419 0.871544133496599 0
-2.24813965457942 0.893577821829834 0
-2.21475527831696 0.91561151016306 0
-2.17917181194496 0.933882167539128 0
-2.14232596329322 0.949450835983527 0
-2.10548011464148 0.965019504427926 0
-2.06863426598973 0.980588172872325 0
-2.03178841733799 0.996156841316724 0
-1.99412210449988 1.00961971163408 0
-1.95634223263164 1.02276053663173 0
-1.91856236076339 1.03590136162939 0
-1.87865457769958 1.03861592438087 0
-1.83867605997825 1.0399266954537 0
-1.79869754225691 1.04123746652653 0
-1.75869829539155 1.04148292569465 0
-1.71915571143327 1.03545100610779 0
-1.679613127475 1.02941908652094 0
-1.64007054351672 1.02338716693408 0
-1.60073428527284 1.01613052946413 0
-1.56165828457699 1.00758265431191 0
-1.52258228388115 0.999034779159694 0
-1.4835062831853 0.990486904007476 0
-1.44620643084667 0.976039723814902 0
-1.41190671381817 0.955459893597799 0
-1.37747317108263 0.935104768084039 0
-1.34277850034025 0.915197989789234 0
-1.30808382959787 0.895291211494428 0
-1.27338915885549 0.875384433199623 0
-1.23878265077377 0.855324782195931 0
-1.20871762321097 0.828941186579588 0
-1.17865259564816 0.802557590963245 0
-1.14858756808535 0.776173995346901 0
-1.11852485612799 0.749787761250908 0
-1.08855670514907 0.723294178501422 0
-1.05858855417014 0.696800595751937 0
-1.02862040319122 0.670307013002451 0
-0.998652252212289 0.643813430252966 0
-0.968684101233362 0.61731984750348 0
-0.93933563708593 0.590141406558724 0
-0.911051365838467 0.561857135311263 0
-0.882767094591004 0.533572864063802 0
-0.85448282334354 0.50528859281634 0
-0.826198552096077 0.477004321568879 0
-0.79717828548707 0.449475715975014 0
-0.764922085652845 0.425821169429916 0
-0.732665885818621 0.402166622884817 0
-0.700409685984396 0.378512076339719 0
-0.668153486150171 0.354857529794621 0
-0.63620789910379 0.33078515001482 0
-0.604463644652121 0.306447888268539 0
-0.572719390200436 0.282110626522245 0
-0.540975135748767 0.257773364775964 0
-0.509230881297099 0.233436103029682 0
-0.478027198104506 0.208409514064823 0
-0.446838601766715 0.183364126096598 0
-0.415650005428943 0.158318738128387 0
-0.384461409091152 0.133273350160162 0
-0.353272812753361 0.108227962191937 0
-0.317990772170204 0.0893818057591762 0
-0.281788145164124 0.0723709328286092 0
-0.245585518158044 0.0553600598980421 0
-0.209382891151988 0.0383491869674859 0
-0.173180264145908 0.0213383140369188 0
-0.136781112355992 0.00475212252185148 0
-0.0994472881078702 -0.00960704065050322 0
-0.0790601332796822 0.0144441339309337 0
