765
0.307482800196047 2.92521069919561 0
0.30832832460957 2.88521963658824 0
0.309173849023093 2.84522857398088 0
0.31777075605331 2.80616333125139 0
0.326394255778319 2.76710395014399 0
0.350206820777106 2.73496422786488 0
0.374801443761028 2.70341895055941 0
0.396264443182758 2.66966484479696 0
0.417726836430464 2.63591035359829 0
0.439189229678172 2.60215586239963 0
0.460651622925879 2.56840137120096 0
0.482114016173586 2.53464688000229 0
0.501338385468608 2.49956948521293 0
0.519383672774711 2.46387119945521 0
0.537428960080814 2.42817291369748 0
0.555474247386916 2.39247462793976 0
0.573519534693019 2.35677634218203 0
0.590876596563354 2.32073841211898 0
0.606943834898789 2.28410722523851 0
0.623011073234225 2.24747603835803 0
0.639078311569661 2.21084485147756 0
0.655145549905097 2.17421366459708 0
0.671178666571531 2.13756753014936 0
0.680632729737431 2.09870082602288 0
0.690086792903331 2.0598341218964 0
0.699540856069231 2.02096741776993 0
0.708994919235131 1.98210071364345 0
0.716693477948566 1.94284855199933 0
0.716693477948566 1.90284855199933 0
0.716693477948565 1.86284855199933 0
0.715389874285973 1.82286979992413 0
0.713890927862409 1.78289789529576 0
0.712391981438845 1.74292599066739 0
0.708775678571351 1.70308979665277 0
0.702990981567593 1.66351029083758 0
0.697206284563834 1.62393078502239 0
0.682880126397159 1.58658428328282 0
0.665490163763912 1.55056221782824 0
0.647993874350371 1.51459167631497 0
0.623582763253975 1.48290417633407 0
0.599171652157579 1.45121667635318 0
0.574760541061183 1.41952917637228 0
0.547750557886184 1.39002560355666 0
0.517501355337926 1.36385337122554 0
0.487252152789668 1.33768113889441 0
0.515464680761315 1.36603697190014 0
0.54236301686744 1.39564236861631 0
0.569137062081489 1.42536021683714 0
0.595911107295539 1.45507806505797 0
0.618593236092744 1.48802531127411 0
0.639696653587777 1.52200539029153 0
0.660800071082809 1.55598546930895 0
0.675688411389848 1.5931114349247 0
0.6891937053726 1.63076255754329 0
0.69973598073751 1.66934831178148 0
0.702637408568663 1.70924294445983 0
0.705538836399816 1.74913757713819 0
0.703501822401679 1.78908567564076 0
0.69477445296234 1.82812197954711 0
0.685195736147025 1.86695815062733 0
0.672013463483543 1.90472358042001 0
0.658831190820062 1.94248901021269 0
0.642647333224285 1.97906882368022 0
0.625822269079262 2.01535817771851 0
0.607474999108244 2.05090220231633 0
0.585088691631949 2.08405115761777 0
0.56175451563187 2.11653986689341 0
0.536350299648167 2.14743688633305 0
0.510946083664465 2.17833390577269 0
0.481975558350527 2.2059148532371 0
0.452417324593994 2.23286500754452 0
0.422859090837461 2.25981516185195 0
0.391297692911592 2.28438909440181 0
0.359612053200324 2.30880262008098 0
0.327926413489056 2.33321614576016 0
0.295093487221597 2.35606344215854 0
0.261770519421635 2.37818989277772 0
0.228447551621674 2.40031634339689 0
0.19329293624345 2.41939913715486 0
0.156729864109145 2.43562078183416 0
0.120166791974839 2.45184242651347 0
0.0839081711027855 2.46873361985369 0
0.048625158368016 2.48757795620067 0
0.0135137582567525 2.50674014767833 0
-0.0205525744114291 2.52770404470491 0
-0.0559443451058654 2.5463433195597 0
-0.0915689976312579 2.56453354035124 0
-0.129581358743342 2.57698586554313 0
-0.167593719855425 2.58943819073502 0
-0.203950684687844 2.6061166531394 0
-0.240028645403316 2.62339035426605 0
-0.277481812506079 2.63743529192959 0
-0.315159299247055 2.65086685895966 0
-0.354785483464698 2.65632263794615 0
-0.394411667682342 2.66177841693264 0
-0.434130166147593 2.66651559749346 0
-0.47412986800391 2.66667003649676 0
-0.514129569860229 2.66682447550007 0
-0.554129271716546 2.66697891450337 0
-0.594128973572863 2.66713335350668 0
-0.63412867542918 2.66728779250999 0
-0.673251602469694 2.65895733155139 0
-0.71132818857813 2.64670279809121 0
-0.750782996082323 2.64012114443828 0
-0.79050252705012 2.63539262884688 0
-0.827419636881168 2.6199937002568 0
-0.867348541512816 2.61760988505491 0
-0.898344978273373 2.59232706661731 0
-0.925226255436093 2.56270617976189 0
-0.946732893100787 2.5289798616059 0
-0.968243867875873 2.49525630953578 0
-0.984279792453352 2.45861140371048 0
-0.985569444213791 2.41863219913689 0
-0.961608019390277 2.38660330405094 0
-0.936878288703273 2.35516383172476 0
-0.904459585588329 2.33173249184961 0
-0.872040882473385 2.30830115197445 0
-0.837952424704826 2.28737325081449 0
-0.802043329223911 2.26975119469885 0
-0.766134233742996 2.25212913858322 0
-0.727919409597712 2.24031274253599 0
-0.68952208180824 2.22910358473409 0
-0.651124754018768 2.2178944269322 0
-0.613018870026336 2.20573130212172 0
-0.575461304750143 2.19196797074721 0
-0.53790373947395 2.1782046393727 0
-0.500346174197757 2.1644413079982 0
-0.463175273831609 2.14966551137094 0
-0.426136412145427 2.13456177921654 0
-0.389097550459245 2.11945804706215 0
-0.352058688773063 2.10435431490775 0
-0.316073273419093 2.08688863765771 0
-0.280232223209996 2.06912859486753 0
-0.244391173000898 2.05136855207735 0
-0.209510865140881 2.03178886557347 0
-0.175713431000095 2.01039415955774 0
-0.14191599685931 1.98899945354202 0
-0.108118562718525 1.96760474752629 0
-0.0778115227103714 1.94149951192222 0
-0.0475345979745613 1.915359354529 0
-0.017030161335881 1.88948505559441 0
0.0134742753027986 1.86361075665981 0
0.0420205588992552 1.83559094772344 0
0.0685549187017225 1.80565889550725 0
0.0949520494195118 1.77560575108161 0
0.120970871336942 1.74522449195647 0
0.146989693254371 1.71484323283133 0
0.16856816945124 1.68116283252163 0
0.189829742119524 1.64728148768895 0
0.208616635319797 1.61196785513888 0
0.221045961033002 1.57394796741791 0
0.183508420314869 1.58776581952432 0
0.154762430330488 1.61558070869932 0
0.126016440346106 1.64339559787433 0
0.092898701779904 1.66582806078549 0
0.0584616406513321 1.68617723327055 0
0.0240245795227591 1.70652640575562 0
-0.0104124816058139 1.72687557824069 0
-0.0451540485949069 1.74670039912619 0
-0.0827067066806005 1.76047711392686 0
-0.120259364766294 1.77425382872753 0
-0.157812022851988 1.7880305435282 0
-0.195364680937681 1.80180725832887 0
-0.234435773217759 1.81037754117378 0
-0.27443137321054 1.81097082122365 0
-0.314426973203319 1.81156410127353 0
-0.354422573196099 1.81215738132341 0
-0.394285096573628 1.80884388921145 0
-0.434053666967269 1.80454728487244 0
-0.473822237360909 1.80025068053343 0
-0.513590807754549 1.79595407619442 0
-0.553359378148189 1.79165747185541 0
-0.592749844433772 1.78470109594518 0
-0.630131831047008 1.7704677872347 0
-0.667513817660245 1.75623447852422 0
-0.704895804273481 1.74200116981374 0
-0.740400110432129 1.72357715710769 0
-0.77507442149217 1.70363493675709 0
-0.80974873255221 1.6836927164065 0
-0.841703792661692 1.65963291313633 0
-0.871976712972459 1.63348811832248 0
-0.905418300269016 1.61154135912923 0
-0.940384591313878 1.59211564188208 0
-0.975440703714152 1.57285249096175 0
-1.01148932123836 1.55551763663317 0
-1.04753793876257 1.53818278230459 0
-1.08406024933376 1.52186957199694 0
-1.12172205414391 1.50839409581082 0
-1.16151056896519 1.50428628759761 0
-1.20035597514914 1.49474509173943 0
-1.23847906112419 1.48263599120559 0
-1.27598339826491 1.46872827048525 0
-1.30772765271659 1.44439100873896 0
-1.33508869908626 1.41521270958434 0
-1.35772239896276 1.38223217547859 0
-1.37533473716778 1.34631831265444 0
-1.38538614250445 1.30760178839466 0
-1.39188736021964 1.26813364721446 0
-1.39590087362939 1.22833551019639 0
-1.39991438703914 1.18853737317831 0
-1.40190682791847 1.148587026755 0
-1.39707077002321 1.10888044614128 0
-1.39152435626165 1.06926684627475 0
-1.37465512627302 1.03299800179921 0
-1.36441778394075 0.994330226818329 0
-1.35486354167777 0.955488027411237 0
-1.33943129646007 0.918584832325435 0
-1.32399905124237 0.881681637239633 0
-1.30856680602467 0.844778442153831 0
-1.2888028685659 0.810002203482492 0
-1.26864802754494 0.775451047446554 0
-1.24849318652398 0.740899891410617 0
-1.22089222715204 0.711948431313608 0
-1.1920367343108 0.68424715818602 0
-1.16318124146956 0.656545885058432 0
-1.13429827863548 0.628873254935415 0
-1.10162385626627 0.605799847669948 0
-1.06894943389705 0.582726440404481 0
-1.03627501152783 0.559653033139015 0
-1.00209164504031 0.538880516305957 0
-0.966179049958765 0.521265593243145 0
-0.930266454877216 0.503650670180332 0
-0.894353859795669 0.48603574711752 0
-0.857562253427694 0.47033932393057 0
-0.81956422593299 0.457843328311506 0
-0.781566198438286 0.445347332692443 0
-0.743568170943581 0.432851337073379 0
-0.705481316392914 0.420628755086079 0
-0.665890817443372 0.414919780315926 0
-0.62630031849383 0.409210805545773 0
-0.586709819544288 0.40350183077562 0
-0.547119320594746 0.397792856005466 0
-0.507138096681416 0.396567403275995 0
-0.468229639510364 0.387286672670683 0
-0.475555183321013 0.347963188492926 0
-0.510641602591866 0.32875529473151 0
-0.54572802186272 0.309547400970093 0
-0.581707604339785 0.292069711054774 0
-0.617737073864723 0.274695093771174 0
-0.653766543389661 0.257320476487574 0
-0.688895212644718 0.238189961691345 0
-0.723938649492921 0.21890376108402 0
-0.758982086341125 0.199617560476695 0
-0.794025523189328 0.18033135986937 0
-0.829068960037528 0.161045159262047 0
-0.864112396885732 0.141758958654722 0
-0.899532031821856 0.123172687888598 0
-0.936561099108514 0.108044959180024 0
-0.973590166395171 0.0929172304714504 0
-1.01253211276858 0.0837780394432485 0
-1.05195431379649 0.0770038187415556 0
-1.0913765148244 0.0702295980398626 0
-1.13079871585231 0.0634553773381703 0
-1.17022091688021 0.0566811566364774 0
-1.20964311790812 0.0499069359347844 0
-1.24949990968434 0.0465251983182019 0
-1.28940596677716 0.0437853794730231 0
-1.32931202386998 0.0410455606278442 0
-1.36921808096281 0.0383057417826654 0
-1.40916266732325 0.036200980396303 0
-1.44915925027216 0.036723811545962 0
-1.48915583322107 0.0372466426956209 0
-1.52915241616998 0.0377694738452798 0
-1.56914899911888 0.0382923049949387 0
-1.59495678084631 0.0077315719816517 0
-1.62088438763985 -0.0227275679595878 0
-1.65075817139467 -0.0493275123988153 0
-1.6861941256575 -0.0678826503795017 0
-1.72301163853807 -0.08351821066014 0
-1.75983025385441 -0.0991511747484831 0
-1.7932370884472 -0.121150797529104 0
-1.82672624396723 -0.143024902369196 0
-1.85808040938116 -0.167862702416621 0
-1.88421690471512 -0.198142788474257 0
-1.90608970748388 -0.231632794431841 0
-1.91611604877736 -0.270355817044579 0
-1.91086648382644 -0.310009846698903 0
-1.88119542538849 -0.33683573514965 0
-1.84286990333327 -0.348287999519391 0
-1.80299559085705 -0.351456469899491 0
-1.76309950550301 -0.348575085957255 0
-1.72320342014896 -0.345693702015018 0
-1.68330733479492 -0.342812318072781 0
-1.64342493041743 -0.34587725217826 0
-1.60358736248337 -0.349478388262695 0
-1.5637497945493 -0.35307952434713 0
-1.52472269329635 -0.361847954525435 0
-1.48585598916987 -0.371302017691335 0
-1.45397980374496 -0.395466222680469 0
-1.41810535716644 -0.413158709297249 0
-1.37906313127924 -0.421859548209254 0
-1.34002090539204 -0.430560387121259 0
-1.30012418541935 -0.433432970526747 0
-1.26040355638111 -0.428713687868738 0
-1.2210637538325 -0.421476289480067 0
-1.18664991245927 -0.401087873113453 0
-1.14992312847815 -0.385240370521446 0
-1.11217912919283 -0.371996862000282 0
-1.07781164446768 -0.351530401786892 0
-1.04539974426829 -0.328089652535545 0
-1.01348605989683 -0.303974994133667 0
-0.982601993911848 -0.278555032130643 0
-0.951717927926865 -0.253135070127618 0
-0.920300782565124 -0.228376980998624 0
-0.888272335348873 -0.204414957525725 0
-0.856243888132622 -0.180452934052825 0
-0.821585592190082 -0.160482893432956 0
-0.785331305719208 -0.143582398987887 0
-0.749354208628547 -0.126099593580024 0
-0.717432553871309 -0.101995486926599 0
-0.685510899114071 -0.0778913802731746 0
-0.646328075008464 -0.069847357951655 0
-0.607072368814063 -0.0621668936962285 0
-0.624820184795534 -0.0980139999656041 0
-0.658191214127169 -0.120067897610858 0
-0.691562243458802 -0.142121795256111 0
-0.724383885797392 -0.16498529879773 0
-0.753776023582491 -0.192116502907052 0
-0.78316816136759 -0.219247707016375 0
-0.812221312713588 -0.246741604464109 0
-0.839514042727989 -0.275983815193825 0
-0.866806772742391 -0.30522602592354 0
-0.889823032602408 -0.33794072876578 0
-0.909367167359682 -0.372840969403769 0
-0.928911302116956 -0.407741210041759 0
-0.948455436874231 -0.442641450679749 0
-0.968661971354633 -0.477162400323297 0
-0.992397283550203 -0.509359216236967 0
-1.01938633713385 -0.538881936075407 0
-1.0463753907175 -0.568404655913847 0
-1.07396627024841 -0.597365722308415 0
-1.10378625045006 -0.624025969508567 0
-1.13654582641106 -0.646978315420391 0
-1.17321063028095 -0.662968692438538 0
-1.2100686734527 -0.678508468934664 0
-1.24843901079401 -0.689809672955203 0
-1.28840078441103 -0.691558000550947 0
-1.32785503620879 -0.698142984611609 0
-1.36681382304043 -0.70721011914276 0
-1.40577260987209 -0.716277253673911 0
-1.44468697376513 -0.725533185977005 0
-1.47873728129714 -0.746523101578928 0
-1.51278758882915 -0.767513017180849 0
-1.54453775976842 -0.791842559826099 0
-1.57509179599707 -0.817658269580787 0
-1.60479697773193 -0.844446367275455 0
-1.63981527280506 -0.86377818069714 0
-1.67844606143116 -0.874154218964482 0
-1.70503674109398 -0.904036249602805 0
-1.69024033763668 -0.941198951936313 0
-1.66942880153239 -0.975358576714399 0
-1.64761404988625 -1.00888642499933 0
-1.61943752707449 -1.03727803577149 0
-1.59064557626013 -1.06504534691795 0
-1.5610873425036 -1.09199550122537 0
-1.52586804635295 -1.11095865440867 0
-1.48936545750291 -1.12731594658204 0
-1.44968307170097 -1.1323466778475 0
-1.40968752437531 -1.13174985784069 0
-1.36969197704964 -1.13115303783387 0
-1.32969642972398 -1.13055621782705 0
-1.29026631158377 -1.1238282327313 0
-1.25312724394836 -1.10897260567714 0
-1.21598817631295 -1.09411697862297 0
-1.17884910867753 -1.07926135156881 0
-1.14171004104212 -1.06440572451465 0
-1.10457097340671 -1.04955009746048 0
-1.06921102422168 -1.03085052544313 0
-1.0350430819971 -1.0100526475673 0
-1.00087513977252 -0.989254769691466 0
-0.966707197547946 -0.968456891815635 0
-0.932746139024517 -0.947322878851506 0
-0.900915088605891 -0.923099249287647 0
-0.869084038187266 -0.898875619723787 0
-0.837252987768644 -0.87465199015993 0
-0.805421937350019 -0.850428360596071 0
-0.773335095061069 -0.826544588868722 0
-0.74121378376808 -0.802707194698662 0
-0.709092472475091 -0.778869800528602 0
-0.676971161182102 -0.755032406358542 0
-0.644849849889113 -0.731195012188482 0
-0.616881040111152 -0.702598759294018 0
-0.589477274249601 -0.673460577871609 0
-0.565207945176253 -0.641664356927454 0
-0.544918532164756 -0.607192053267143 0
-0.524629119153257 -0.572719749606829 0
-0.504339706141757 -0.538247445946514 0
-0.484333506929503 -0.503610009651671 0
-0.465625884261117 -0.468254319104079 0
-0.446918261592731 -0.432898628556486 0
-0.428210638924342 -0.397542938008889 0
-0.409503016255956 -0.362187247461297 0
-0.391667038532852 -0.326383925008472 0
-0.376302384787585 -0.289452537066937 0
-0.360270452227128 -0.326099189552217 0
-0.363796495119012 -0.365943474230506 0
-0.365367190431961 -0.405912623786557 0
-0.365677258635087 -0.445911421989872 0
-0.365987326838214 -0.485910220193186 0
-0.36629739504134 -0.525909018396501 0
-0.366607463244466 -0.565907816599816 0
-0.365452954476198 -0.605891151997252 0
-0.357115594694866 -0.645012609432734 0
-0.348778234913534 -0.684134066868217 0
-0.340440875132201 -0.723255524303699 0
-0.332103515350869 -0.762376981739182 0
-0.323766155569536 -0.801498439174664 0
-0.315428795788204 -0.840619896610146 0
-0.30709143600687 -0.879741354045638 0
-0.297142197539458 -0.918484258607874 0
-0.283064440421004 -0.955925102008016 0
-0.268986683302552 -0.993365945408156 0
-0.256091902014149 -1.03123050159893 0
-0.243093843575125 -1.06905972941045 0
-0.227479415937859 -1.10588620968702 0
-0.211864988300594 -1.14271268996359 0
-0.193774835083088 -1.17838826082892 0
-0.173276534703919 -1.21273676416699 0
-0.15277823432475 -1.24708526750505 0
-0.132279933945578 -1.28143377084313 0
-0.111781633566406 -1.3157822741812 0
-0.0907481044115541 -1.34980565807069 0
-0.0696745770440457 -1.38380428222361 0
-0.048601049676539 -1.41780290637652 0
-0.0290713800514401 -1.45271124355168 0
-0.00966482532917418 -1.48768817357437 0
0.00974172939308963 -1.52266510359705 0
0.029597344239443 -1.55738908031449 0
0.0513531624094266 -1.59095519977675 0
0.0731089805794102 -1.62452131923901 0
0.0909225157744664 -1.66033581300696 0
0.104148805905443 -1.69808584942245 0
0.117375096036419 -1.73583588583795 0
0.13349084475739 -1.77244575668124 0
0.145132740168984 -1.81071410223244 0
0.146495584820315 -1.85069087867146 0
0.147858429471646 -1.8906676551105 0
0.149221274122976 -1.93064443154953 0
0.14249239226056 -1.97007439666341 0
0.133343894204603 -2.00901415761953 0
0.124195396148646 -2.04795391857566 0
0.113553181760241 -2.08651222861268 0
0.0961464353386297 -2.12252618672636 0
0.0724868594518876 -2.15477869777371 0
0.0471339550144075 -2.18571783539233 0
0.0328514572899073 -2.22308105606119 0
0.0165158225199961 -2.25959334216688 0
-0.00896974934816981 -2.29042328907817 0
-0.0365735810000935 -2.31937201060663 0
-0.0702692205263551 -2.34092668241847 0
-0.105803222489086 -2.35929335616503 0
-0.142521858028287 -2.37515972954206 0
-0.181331831917092 -2.38484404297928 0
-0.218018703235037 -2.40078372531302 0
-0.257810794549601 -2.40485674247643 0
-0.291815744766603 -2.42592006037127 0
-0.322025901723463 -2.45213735269222 0
-0.328753063329664 -2.49156761133611 0
-0.292031728362335 -2.50742773612179 0
-0.25531039339501 -2.52328786090747 0
-0.218589058427685 -2.53914798569315 0
-0.181795450856712 -2.55483971733479 0
-0.145729759150466 -2.5721390202615 0
-0.113327688432297 -2.59559335489659 0
-0.0835680187180902 -2.62232090731916 0
-0.0538083490038837 -2.64904845974173 0
-0.0240486792896737 -2.67577601216431 0
0.00245527734729949 -2.70573498882549 0
0.0204744276814803 -2.74144647467016 0
0.0322629616285341 -2.77966990292273 0
0.0440514955755879 -2.8178933311753 0
0.0744210159329806 -2.84392585378188 0
0.113340330949002 -2.83469076208316 0
0.152026880085115 -2.82452459683077 0
0.189183372689656 -2.80971260650777 0
0.228266938993671 -2.80119939060779 0
0.267633034682979 -2.7941064003935 0
0.293124797293224 -2.76328157210488 0
0.316271702058423 -2.7306591748939 0
0.33941860682362 -2.69803677768292 0
0.365511262324026 -2.66771890623822 0
0.393975110787845 -2.63961535965369 0
0.422438959251663 -2.61151181306916 0
0.450902807715482 -2.58340826648463 0
0.488476604127409 -2.56968930795291 0
0.526235053066038 -2.55648705307927 0
0.563993502004667 -2.54328479820562 0
0.601751950943296 -2.53008254333197 0
0.63940058149347 -2.51657030378049 0
0.675953043438279 -2.50032476513835 0
0.712505505383091 -2.48407922649621 0
0.740707498978963 -2.45571291624588 0
0.767369322775694 -2.42589434565921 0
0.791692397887233 -2.39413921981914 0
0.814240734399953 -2.3611002652275 0
0.827454751389078 -2.32334593097286 0
0.839162244978232 -2.28509760298509 0
0.84087495851392 -2.24513428715238 0
0.842587672049608 -2.20517097131967 0
0.839263210972882 -2.16530936123491 0
0.835283062212042 -2.12550787362652 0
0.819979844272434 -2.08855098630233 0
0.804075546767062 -2.05184876128993 0
0.788171249261689 -2.01514653627753 0
0.772431293081081 -1.97837353287242 0
0.75673374567917 -1.94158240614919 0
0.740121260850735 -1.90519524704292 0
0.779057225929444 -1.89603060720332 0
0.810225763941941 -1.92110095299598 0
0.842079766078144 -1.94529439317936 0
0.874121969940565 -1.96923801804359 0
0.906164173802987 -1.99318164290782 0
0.937957920145893 -2.0174542137128 0
0.967977570757376 -2.04388942843037 0
0.997997221368859 -2.07032464314795 0
1.02797365759385 -2.09680885110758 0
1.05782547497259 -2.12343344498591 0
1.08302255263665 -2.15449962075944 0
1.10564368685871 -2.18748877483328 0
1.12826482108077 -2.22047792890711 0
1.14283268450395 -2.25773081275902 0
1.15687762216748 -2.29518397986179 0
1.16681438017035 -2.33393008728424 0
1.17206272893147 -2.37358427792384 0
1.17366456780501 -2.41355219145736 0
1.16581992239949 -2.452775418485 0
1.15797527699396 -2.49199864551264 0
1.15057013983148 -2.5313072189236 0
1.14535195932863 -2.5709653907453 0
1.14013377882577 -2.610623562567 0
1.1366715989998 -2.65047344727013 0
1.13771758100537 -2.69045976895198 0
1.14778293507597 -2.72917266922351 0
1.16150858061862 -2.7667440233971 0
1.17726535256178 -2.80350982459782 0
1.20473358601302 -2.83258724111078 0
1.23071453118997 -2.86300089738082 0
1.25740794996614 -2.89279118764527 0
1.29269882579764 -2.87396158108949 0
1.32289909035393 -2.84773289410881 0
1.3534963828681 -2.82196846726088 0
1.38320200291882 -2.79518085562037 0
1.41043975273147 -2.76588742657659 0
1.43767750254411 -2.7365939975328 0
1.46491525235676 -2.707300568489 0
1.49330054382635 -2.67911767956351 0
1.52294871876735 -2.65226650225845 0
1.55259689370835 -2.6254153249534 0
1.58224506864936 -2.59856414764834 0
1.61081020191178 -2.57056355548139 0
1.63933114910421 -2.54251795740884 0
1.66785209629663 -2.51447235933629 0
1.69637304348906 -2.48642676126374 0
1.7226863752691 -2.45630021863712 0
1.71753647437675 -2.4166331224389 0
1.6789470921522 -2.40610413485568 0
1.65575302468314 -2.37351525279078 0
1.6483150425274 -2.33421288108816 0
1.64087706037166 -2.29491050938553 0
1.63343907821592 -2.25560813768291 0
1.62600109606018 -2.21630576598029 0
1.61856311390444 -2.17700339427767 0
1.61809183435527 -2.1370061706792 0
1.62233737941238 -2.09723211698627 0
1.62658292446949 -2.05745806329334 0
1.6308284695266 -2.0176840096004 0
1.63507401458371 -1.97790995590747 0
1.63931955964082 -1.93813590221455 0
1.64678740839492 -1.89883919452821 0
1.6548302484234 -1.85965612772281 0
1.66287308845188 -1.82047306091741 0
1.67091592848035 -1.78128999411201 0
1.67895876850883 -1.74210692730661 0
1.68700160853731 -1.70292386050121 0
1.69635036452228 -1.6640316921182 0
1.70652250991199 -1.6253467149543 0
1.7166946553017 -1.58666173779043 0
1.72686680069141 -1.54797676062654 0
1.73703894608112 -1.50929178346264 0
1.74721109147082 -1.47060680629876 0
1.75738323686053 -1.43192182913486 0
1.76755538225024 -1.39323685197098 0
1.7755244570598 -1.35403871621582 0
1.77742706303641 -1.31408399070685 0
1.77932966901303 -1.27412926519787 0
1.78123227498965 -1.2341745396889 0
1.78313488096627 -1.19421981417992 0
1.78503748694289 -1.15426508867094 0
1.7869400929195 -1.11431036316197 0
1.78883023485337 -1.07435504607562 0
1.79070850257766 -1.03439916903162 0
1.79258677030195 -0.994443291987608 0
1.79446503802624 -0.9544874149436 0
1.79634330575054 -0.914531537899593 0
1.79822157347483 -0.874575660855585 0
1.80009984119912 -0.834619783811577 0
1.80197810892341 -0.79466390676757 0
1.8029198851806 -0.754674995085936 0
1.80384271641209 -0.714685641721343 0
1.80476554764358 -0.674696288356749 0
1.80568837887507 -0.634706934992155 0
1.80661121010656 -0.594717581627562 0
1.80753404133805 -0.554728228262977 0
1.80845687256954 -0.514738874898384 0
1.80937970380103 -0.47474952153379 0
1.81152038357606 -0.434806843980815 0
1.8144113539992 -0.394911452141502 0
1.81730232442234 -0.35501606030219 0
1.82019329484548 -0.315120668462872 0
1.82457730090345 -0.275361638156742 0
1.8360223694862 -0.237033966623812 0
1.84746743806895 -0.198706295090887 0
1.8589125066517 -0.160378623557956 0
1.87035757523445 -0.122050952025026 0
1.88058089237542 -0.0833794665785724 0
1.88842553778095 -0.0441562395509364 0
1.89627018318648 -0.00493301252329689 0
1.90576646528498 0.0339233978398052 0
1.92067453377889 0.0710414459266959 0
1.93558260227281 0.108159494013587 0
1.95049067076672 0.145277542100477 0
1.96538457744409 0.18240127499314 0
1.97598098502317 0.220972198580968 0
1.98657739260224 0.259543122168799 0
1.99717380018132 0.298114045756631 0
1.99444483799479 0.338020846748246 0
1.99129673857799 0.377896772694383 0
1.97744137945041 0.415420485509692 0
1.95513379645626 0.448622469500997 0
1.93139319399746 0.480815384791371 0
1.8952121682776 0.497872154059302 0
1.85903114255775 0.514928923327232 0
1.81956926634354 0.521468061317387 0
1.77957282142509 0.520934775385141 0
1.73977818019669 0.516886747531585 0
1.70318146813378 0.500741139268533 0
1.66658475607086 0.484595531005481 0
1.63143747462358 0.465499232755149 0
1.59660450225972 0.445835458033619 0
1.5645882983588 0.421857078443361 0
1.53527655869375 0.39463903446867 0
1.5059648190287 0.367420990493979 0
1.47837211513204 0.33846166226159 0
1.45273361871679 0.307758771492711 0
1.42709512230154 0.277055880723836 0
1.40145662588629 0.246352989954961 0
1.37960211444935 0.212851044789757 0
1.36331973684038 0.176314977959862 0
1.3470373592314 0.139778911129963 0
1.33161744625094 0.102870561347361 0
1.31990244621713 0.0646245318252245 0
1.30818744618332 0.0263785023030923 0
1.29647244614952 -0.0118675272190398 0
1.2867858141356 -0.0506769224762075 0
1.2795022437283 -0.0900082026755838 0
1.27221867332101 -0.129339482874963 0
1.2597652099826 -0.167351471127077 0
1.2303542112629 -0.194462228296696 0
1.19299524177067 -0.180168614391213 0
1.17149958202965 -0.146435298332781 0
1.15485462387924 -0.110062982374472 0
1.13460305555072 -0.0755684323667504 0
1.11291798075783 -0.0419565664377795 0
1.08995260796803 -0.00920612136255121 0
1.06456997128949 0.0217086284382351 0
1.03918733461095 0.0526233782390214 0
1.01380469793241 0.0835381280398077 0
0.987377668681265 0.113564984767723 0
0.959354065481339 0.142107543582462 0
0.931330462281413 0.170650102397201 0
0.903306859081487 0.19919266121194 0
0.875283255881561 0.227735220026679 0
0.847632419402414 0.256639047489551 0
0.820482735041421 0.286014115814559 0
0.793333050680433 0.315389184139562 0
0.766822461573883 0.345342291911936 0
0.740864597330572 0.375775649990301 0
0.714906733087261 0.406209008068666 0
0.689528012492744 0.437126972765357 0
0.664441647805197 0.468282619232149 0
0.639355283117651 0.499438265698941 0
0.617564279236107 0.532981553400574 0
0.599421553753486 0.568630417506776 0
0.581278828270865 0.604279281612979 0
0.563136102788244 0.639928145719181 0
0.548907097010988 0.677311770404209 0
0.539536742717783 0.716198740721008 0
0.530166388424578 0.755085711037807 0
0.531672984451657 0.795057328073041 0
0.537391414957866 0.834646462346799 0
0.543109845464076 0.874235596620557 0
0.563373208105712 0.90872321953739 0
0.586622735854476 0.94127255838566 0
0.615748516656068 0.968689503742456 0
0.647980007337039 0.992377707736905 0
0.68021149801801 1.01606591173135 0
0.713571345484981 1.03813671998525 0
0.749121090230609 1.0564729041172 0
0.784670834976237 1.07480908824916 0
0.820220579721864 1.09314527238111 0
0.853451202919355 1.11541017035767 0
0.886323104175351 1.13820135522849 0
0.919195005431346 1.16099254009932 0
0.946241743660173 1.19046242220259 0
0.972900327778313 1.22028388918221 0
0.999494695321788 1.25016263773303 0
1.02549852775947 1.28055672759526 0
1.05150236019716 1.31095081745748 0
1.07750619263484 1.34134490731971 0
1.10219047892393 1.3728200722978 0
1.12349291955092 1.40667573686569 0
1.14479536017791 1.44053140143359 0
1.1660978008049 1.47438706600148 0
1.17802934626805 1.51256609457557 0
1.18901819138394 1.5510270524812 0
1.20000703649984 1.58948801038683 0
1.20745676553569 1.62878815717145 0
1.21438348076432 1.66818385003427 0
1.22131019599295 1.70757954289709 0
1.22525617889475 1.74738443228192 0
1.22887760873645 1.78722016054063 0
1.23249903857815 1.82705588879933 0
1.23006747122313 1.86698191389823 0
1.22515130581531 1.90667865580085 0
1.22023514040749 1.94637539770346 0
1.21531897499967 1.98607213960607 0
1.21040280959185 2.02576888150868 0
1.2040118368403 2.06525502423356 0
1.19753750162189 2.10472758411355 0
1.19106316640348 2.14420014399354 0
1.18458883118507 2.18367270387353 0
1.17811449596666 2.22314526375353 0
1.16699464871402 2.26156855092521 0
1.15567684282427 2.29993399461928 0
1.14435903693452 2.33829943831333 0
1.13304123104477 2.37666488200739 0
1.12172342515503 2.41503032570146 0
1.10695693547986 2.45220492432301 0
1.08923345122182 2.4880640668916 0
1.07150996696378 2.5239232094602 0
1.05378648270574 2.5597823520288 0
1.0360629984477 2.59564149459739 0
1.01616886710536 2.63034341872466 0
0.993991022113649 2.66363220349557 0
0.971813177121938 2.69692098826647 0
0.949635332130227 2.73020977303738 0
0.927457487138516 2.76349855780829 0
0.905279642146805 2.7967873425792 0
0.876288587489598 2.82434671031256 0
0.84461061570091 2.84877018474506 0
0.812932643912222 2.87319365917756 0
0.781254672123534 2.89761713361006 0
0.747161132982614 2.918536755711 0
0.710039506597497 2.93343591187918 0
0.67291788021238 2.94833506804736 0
0.635796253827263 2.96323422421553 0
0.597526204595999 2.97487051794835 0
0.557606304554011 2.97740065245805 0
0.517686404512022 2.97993078696776 0
0.477766504470033 2.98246092147746 0
0.437887285090198 2.97935482076196 0
0.39855094933243 2.97209860348625 0
0.359214613574662 2.96484238621055 0
0.326777837611929 2.94143607156805 0
0.307482800196047 2.92521069919561 0
