711
-0.573660365233854 0.741597036197881 0
-0.603887951463858 0.767794231290251 0
-0.598470619803562 0.807425689977541 0
-0.589747224880893 0.846462882256484 0
-0.574295530864944 0.883357938185937 0
-0.548266773549858 0.91373068571777 0
-0.529542848462081 0.949077745415958 0
-0.506588559974078 0.981835960263681 0
-0.490006732519894 1.01823710033209 0
-0.470073018149767 1.0529163020445 0
-0.452692184319292 1.08894277308119 0
-0.438439327699311 1.12631731091339 0
-0.431617737109853 1.16573134270195 0
-0.434704189989679 1.20561208753728 0
-0.442022919865947 1.24493684046718 0
-0.450967052888358 1.28392404970916 0
-0.464833058523223 1.32144382966232 0
-0.481349581702717 1.35787464713958 0
-0.507955450094511 1.3877431550889 0
-0.543610956709974 1.40587282270843 0
-0.583610597622594 1.4060423127123 0
-0.623610238535215 1.40621180271617 0
-0.663155683238142 1.40019866682483 0
-0.702139661379969 1.39124046118767 0
-0.740113661526972 1.37867163813874 0
-0.776023573750593 1.36105124642653 0
-0.811933485974215 1.34343085471431 0
-0.848749493173206 1.32779174943543 0
-0.883852175706582 1.3086135931382 0
-0.920266009375862 1.29205965954204 0
-0.956653494553996 1.27544788894373 0
-0.993495214385559 1.25986945256993 0
-1.03127498684196 1.2467283417667 0
-1.06980522348393 1.23598493149279 0
-1.10919589728358 1.22902973073293 0
-1.14917905572813 1.22786910986564 0
-1.18855260946159 1.23492058250606 0
-1.22825023651113 1.2398295953025 0
-1.26618240291321 1.25252411191579 0
-1.30401193968353 1.26552127113397 0
-1.34287696213554 1.27498224517497 0
-1.38230431812522 1.28172639817321 0
-1.42212423960023 1.28551768472579 0
-1.46212023521765 1.28608366579585 0
-1.50211623083506 1.2866496468659 0
-1.54161792634347 1.28035551849408 0
-1.58038679073513 1.27050792214872 0
-1.61860824684402 1.25871299557344 0
-1.65825719532027 1.25342519028887 0
-1.69646826561501 1.24159666092421 0
-1.73364437956952 1.22683398666644 0
-1.76746935810942 1.20548285492184 0
-1.80602131884274 1.19481766277089 0
-1.8420849923436 1.17751415290661 0
-1.87694703075464 1.1579019557368 0
-1.90890649489176 1.13384800279621 0
-1.93740262436821 1.10577718868508 0
-1.9661478070065 1.07796146516238 0
-1.99730805455084 1.0528808157893 0
-2.02600140663956 1.02501162947336 0
-2.05639787305047 0.999010575076846 0
-2.09006291604554 0.977408147432252 0
-2.12311104402871 0.954873258109066 0
-2.15986099854781 0.93907956180819 0
-2.196359237963 0.922712566983499 0
-2.2328954879521 0.906430600372125 0
-2.26733115685416 0.886079071995425 0
-2.30179625284544 0.865777417917201 0
-2.33705642603882 0.8468903803948 0
-2.36947783223683 0.823462780856142 0
-2.39755777189422 0.794975643603739 0
-2.41999413320113 0.761860545969789 0
-2.43939354702492 0.726879654853448 0
-2.45541699305611 0.690229290908658 0
-2.46153983285948 0.650700683132235 0
-2.46279697585899 0.610720443119464 0
-2.46017489051237 0.570806477287502 0
-2.45325338101303 0.531409869486189 0
-2.44018293537218 0.493605591279225 0
-2.42387913094493 0.457079080890218 0
-2.40599183994194 0.42130136686914 0
-2.384429692085 0.387610510842679 0
-2.36265356948682 0.354057560382416 0
-2.33812655150818 0.322459690373896 0
-2.31310391363901 0.291252838657188 0
-2.28286418581332 0.265069659686168 0
-2.25262445798764 0.238886480715148 0
-2.22251235275414 0.212556628486038 0
-2.19245658877816 0.18616248042591 0
-2.16240082480217 0.159768332365782 0
-2.1329154798339 0.132738452009002 0
-2.10356505287317 0.10556213074907 0
-2.07421462591244 0.0783858094891383 0
-2.04330492362981 0.0529970264383729 0
-2.00993889667438 0.0309355612737632 0
-1.97537557614252 0.0108015881484115 0
-1.94075084683444 -0.00922659500288651 0
-1.90376793265001 -0.0244668068920729 0
-1.86678501846559 -0.0397070187812599 0
-1.82910459002261 -0.0531303310533407 0
-1.79131680090912 -0.066248371833671 0
-1.75345147305651 -0.0791408869728736 0
-1.71553738389975 -0.0918892924972016 0
-1.67762329474298 -0.10463769802153 0
-1.63820162500611 -0.111415009815815 0
-1.598631165166 -0.117261265715307 0
-1.55920936826805 -0.124037837808688 0
-1.5199275282891 -0.131583501985436 0
-1.48082694450948 -0.140018212892926 0
-1.44180930442677 -0.148828647750312 0
-1.40286736606612 -0.157967872920709 0
-1.36449606852966 -0.169265816333936 0
-1.32636320727266 -0.181344098180046 0
-1.28850543849039 -0.194258793020755 0
-1.25234801226908 -0.211365532308256 0
-1.21619058604777 -0.228472271595757 0
-1.18066955345167 -0.246864015485519 0
-1.14522192156852 -0.265396834857564 0
-1.11032933717091 -0.284954635195423 0
-1.07699948087359 -0.307070708065612 0
-1.11679149201483 -0.311144508420971 0
-1.15562512024585 -0.301555487698584 0
-1.19542328280955 -0.297542227608128 0
-1.2353229583082 -0.294710991994063 0
-1.27532290168352 -0.294778297052059 0
-1.31498912637725 -0.299934906262244 0
-1.35401957209593 -0.308688437378417 0
-1.39282527210174 -0.31838986237987 0
-1.4300527896664 -0.333022426610817 0
-1.46676241542811 -0.348909634560464 0
-1.50217465045281 -0.36751000043202 0
-1.5375868854775 -0.386110366303577 0
-1.5729991205022 -0.404710732175133 0
-1.60841135552689 -0.42331109804669 0
-1.64336387797768 -0.442761578100588 0
-1.6779039425172 -0.462935421105972 0
-1.71220141243219 -0.483518996048878 0
-1.74642141559292 -0.504231103225109 0
-1.78097609021856 -0.524379911167923 0
-1.81554234494221 -0.54450884641993 0
-1.84995400628758 -0.564900942032001 0
-1.88557698485106 -0.583094440823218 0
-1.92180055459787 -0.600060671836562 0
-1.95890131037127 -0.615011722670618 0
-1.99631050118044 -0.629173376634847 0
-2.0345819975597 -0.640804909848152 0
-2.07423328265959 -0.646075165053337 0
-2.11407111088475 -0.649673420505932 0
-2.15304016744735 -0.658696315308662 0
-2.19156228450682 -0.669468803287625 0
-2.23086985779224 -0.676879247431598 0
-2.26933753339425 -0.687844553345172 0
-2.30658266342491 -0.702432229273844 0
-2.34461356615886 -0.714827810633367 0
-2.38304571591926 -0.725916988456544 0
-2.41947355449592 -0.742440080680248 0
-2.4278426315536 -0.781554765252703 0
-2.42719773304627 -0.821549566238773 0
-2.4194831515819 -0.860798581931267 0
-2.40025340853501 -0.895873031069506 0
-2.38086232067757 -0.930858538236116 0
-2.35867431282856 -0.96414055000963 0
-2.333972489234 -0.995601953524142 0
-2.30628444681198 -1.02447014201661 0
-2.27859640438996 -1.05333833050907 0
-2.25090836196794 -1.08220651900154 0
-2.22322031954592 -1.111074707494 0
-2.1955322771239 -1.13994289598647 0
-2.15959678623888 -1.15751106307505 0
-2.11963863375241 -1.15568184196545 0
-2.08349914254393 -1.13853724587245 0
-2.05111816538838 -1.11505379811767 0
-2.02392757878198 -1.08571658625288 0
-1.99849160429345 -1.05484570674129 0
-1.97444935314411 -1.02287743872953 0
-1.94850210024683 -0.992435032992056 0
-1.92083924028179 -0.963542712584125 0
-1.8848693029936 -0.946045181001531 0
-1.84558165636586 -0.938529808592026 0
-1.80628356515026 -0.931069243813788 0
-1.76698547393466 -0.92360867903555 0
-1.72768738271906 -0.916148114257312 0
-1.68838929150346 -0.908687549479074 0
-1.64909120028786 -0.901226984700837 0
-1.61187641594873 -0.886562066474263 0
-1.57756022336871 -0.866009720457052 0
-1.54531493269988 -0.842340304966106 0
-1.5148220856915 -0.816452348667407 0
-1.48447929802992 -0.790388672086306 0
-1.4550909144052 -0.763253401534384 0
-1.42414604202062 -0.737907497070302 0
-1.39232315475843 -0.713673144462941 0
-1.36050026749624 -0.68943879185558 0
-1.32659304835058 -0.668218506989251 0
-1.28900322335936 -0.654543527752341 0
-1.25090971450875 -0.642341700698631 0
-1.21190006363467 -0.633495959424876 0
-1.24085325616902 -0.661095101478011 0
-1.27648373095734 -0.679273915145526 0
-1.30959427985035 -0.701716988731917 0
-1.33956322095865 -0.728209677701647 0
-1.36602808644213 -0.758203191916251 0
-1.39416962351813 -0.786629480646933 0
-1.42540754624263 -0.811613319100175 0
-1.45184276096021 -0.84163296971166 0
-1.47827797567779 -0.871652620323145 0
-1.5045622491223 -0.901804518596624 0
-1.53082551515246 -0.931974716763506 0
-1.5567986646165 -0.962395030813808 0
-1.58290442741473 -0.992701616710643 0
-1.61757361060607 -1.01265275043396 0
-1.65379911590244 -1.02961484835911 0
-1.69080321602159 -1.04480354726232 0
-1.72574451987549 -1.0642741734718 0
-1.7600258407126 -1.0848846329927 0
-1.79423375397476 -1.10561670163644 0
-1.82103448039576 -1.13531048993141 0
-1.83809481888526 -1.17148983280305 0
-1.85360809148224 -1.20835903910495 0
-1.86885920543191 -1.24533745880204 0
-1.88275177966485 -1.28284740923099 0
-1.89664435389779 -1.32035735965994 0
-1.91575084427497 -1.35549910158414 0
-1.9401460522842 -1.38719884647564 0
-1.93775929842541 -1.42712757555656 0
-1.91221028248481 -1.45790496635674 0
-1.88335478964357 -1.48560623948433 0
-1.85498456689239 -1.51380429723745 0
-1.82774406120924 -1.54309516356343 0
-1.79965274243677 -1.5715710798722 0
-1.77056467833067 -1.59902803757983 0
-1.73811939067589 -1.62242255208642 0
-1.69822365171162 -1.61953637598387 0
-1.66473999423749 -1.59765385597005 0
-1.62862589762425 -1.58045583207749 0
-1.59154285290969 -1.56546090644586 0
-1.55256269728003 -1.55648608237587 0
-1.51261405796575 -1.5544597021208 0
-1.47263407135777 -1.55319452591759 0
-1.43264239861923 -1.55237836933109 0
-1.39294740558184 -1.547448102831 0
-1.35965915957684 -1.52526944917685 0
-1.33287367470496 -1.49556191140985 0
-1.30693169593989 -1.4651150111119 0
-1.28426978824075 -1.43215385307042 0
-1.26492234377315 -1.39714419165285 0
-1.24653241325092 -1.36162222020717 0
-1.2284818006928 -1.3259266268338 0
-1.21040104689231 -1.29024629132521 0
-1.1918676667601 -1.25479895262574 0
-1.17333428662789 -1.21935161392626 0
-1.15472708994899 -1.18394296764103 0
-1.13452456755143 -1.14941966987306 0
-1.11432204515388 -1.11489637210508 0
-1.08953139214885 -1.08350491588552 0
-1.0550109909959 -1.06329744439008 0
-1.01960388456245 -1.04468731773789 0
-0.994290593445593 -1.01371576154784 0
-0.968140114113204 -0.983447751525937 0
-0.939595175073295 -0.955426572835383 0
-0.910730907202218 -0.927734443262766 0
-0.880426559583751 -0.901626082237625 0
-0.850122211965283 -0.875517721212485 0
-0.815843065687837 -0.854903645184455 0
-0.78095040732669 -0.835345976803684 0
-0.745371081208795 -0.817067258221777 0
-0.708870708228197 -0.800705022058061 0
-0.672370335247599 -0.784342785894345 0
-0.636059330259553 -0.767564498831649 0
-0.600060077306612 -0.750127360682568 0
-0.56406082435367 -0.732690222533487 0
-0.528395139906132 -0.714580585516456 0
-0.493091893212581 -0.695774183072228 0
-0.45778864651903 -0.676967780628 0
-0.422077205581479 -0.658948541294338 0
-0.384884941058629 -0.644226603254043 0
-0.347692676535777 -0.629504665213747 0
-0.310500412012926 -0.614782727173453 0
-0.273086209268846 -0.600634319735691 0
-0.235576258839897 -0.586741745502747 0
-0.198066308410947 -0.572849171269802 0
-0.160726619135631 -0.558505266472894 0
-0.123521845545138 -0.543814969604544 0
-0.0863170719546475 -0.529124672736196 0
-0.048729330687014 -0.515443967111209 0
-0.00962339823523748 -0.507034089164591 0
0.0301104763458418 -0.511640520622343 0
0.0675876434548515 -0.525621291183488 0
0.101293776112441 -0.547159550659798 0
0.126022236701871 -0.578600021980646 0
0.148606239963054 -0.611614606586528 0
0.161202449311687 -0.649579531320358 0
0.163757222483034 -0.689497862122671 0
0.172503145089536 -0.72853001345668 0
0.181721167098394 -0.767453374953912 0
0.191288918285434 -0.806292249000707 0
0.208660885711835 -0.842322996255464 0
0.227482666118986 -0.87761804664932 0
0.24795487312277 -0.91198210840567 0
0.264156562368557 -0.948554027490987 0
0.279319724829024 -0.985568599002723 0
0.239552341274243 -0.981261023674669 0
0.208232100518628 -0.956380458588433 0
0.183817466261855 -0.924695673058023 0
0.164590605734682 -0.889619643717909 0
0.145121877534465 -0.854677282288463 0
0.125439587267749 -0.819854768739659 0
0.105878587367108 -0.784963977936252 0
0.0928101962850687 -0.747158989448925 0
0.0902189571347296 -0.707243009194573 0
0.0806409370194339 -0.668406666283955 0
0.0611003254018152 -0.633504452921344 0
0.0431669681605051 -0.597749807096563 0
0.00510854294450409 -0.585438987868008 0
-0.0292106429945433 -0.605986335056417 0
-0.0518331922088132 -0.638974518805268 0
-0.0835067124726352 -0.663403765909863 0
-0.0835556371638449 -0.703403735989534 0
-0.083919473353834 -0.743402081245644 0
-0.0851433898121481 -0.783383352217227 0
-0.0857574568001776 -0.82337863846116 0
-0.0836271510835316 -0.863321870648272 0
-0.0804449450569037 -0.90319508928941 0
-0.0710593237327479 -0.942078377632342 0
-0.0612140670162954 -0.980847836232985 0
-0.0480203172709985 -1.0186092579178 0
-0.0255148653257185 -1.05167743949373 0
-0.00311023200692478 -1.08481401152299 0
0.0175296613491453 -1.11907761907167 0
0.0381695547052153 -1.15334122662036 0
0.0588094480612853 -1.18760483416904 0
0.0794493414173554 -1.22186844171772 0
0.100089234773424 -1.2561320492664 0
0.125392551541603 -1.28711175489007 0
0.153215011802527 -1.31585041708978 0
0.182249485811806 -1.34336403769858 0
0.211283959821085 -1.37087765830737 0
0.242460434831848 -1.39593813328098 0
0.276868103329989 -1.41633696531917 0
0.313081786288401 -1.43332428902209 0
0.352178967972515 -1.44177475553935 0
0.388704686476268 -1.42546917711402 0
0.421263156504954 -1.4022324383284 0
0.455328620459914 -1.38126712970836 0
0.490973909155307 -1.36311738056899 0
0.52801760354609 -1.34802550507645 0
0.56663005904372 -1.33758145028708 0
0.605919214236494 -1.33007396840311 0
0.644658554958377 -1.32011086243991 0
0.683297419173146 -1.30976493704907 0
0.721608889936629 -1.29826575412424 0
0.759331329997665 -1.28496096115924 0
0.794256948202219 -1.26546221266018 0
0.829922471319049 -1.24735225791691 0
0.865587994435877 -1.22924230317365 0
0.899442757747729 -1.20793843026053 0
0.931793158073268 -1.18441287822073 0
0.957916239967185 -1.15412121942885 0
0.972976345710308 -1.11706459768582 0
0.974311631690615 -1.07708689125648 0
0.965510201831085 -1.03806721887923 0
0.950154193848364 -1.00113223520745 0
0.91794262158186 -0.977416952959083 0
0.883019713655929 -0.957913350676502 0
0.848096805730002 -0.938409748393923 0
0.811293027777327 -0.922741885476147 0
0.774183449981867 -0.907812744983721 0
0.737073872186407 -0.892883604491295 0
0.700337307106497 -0.877058788974848 0
0.665406687093312 -0.857569002277853 0
0.630476067080126 -0.838079215580859 0
0.595545447066939 -0.818589428883863 0
0.560614827053751 -0.799099642186867 0
0.525684207040565 -0.779609855489873 0
0.563304139397497 -0.793201790210872 0
0.60035030453372 -0.808287599725107 0
0.637396469669943 -0.823373409239342 0
0.674442634806164 -0.838459218753576 0
0.713078566830645 -0.848816088773017 0
0.751727964414695 -0.859122594795431 0
0.79010020915107 -0.870417320727988 0
0.828047541073092 -0.883066431368661 0
0.865994872995113 -0.895715542009335 0
0.905132012009077 -0.903978976513318 0
0.944769872409346 -0.909349267277225 0
0.984407732809615 -0.914719558041132 0
1.02222702996212 -0.92774648257805 0
1.05429212896584 -0.951659437767267 0
1.07829575235695 -0.983656719903375 0
1.08938270328841 -1.02208951213922 0
1.09175944888778 -1.06201883820861 0
1.07820990253263 -1.09965405832979 0
1.05855675351296 -1.13449302693695 0
1.03810239377518 -1.16886771482961 0
1.0176480340374 -1.20324240272226 0
0.999215281983592 -1.23874217246409 0
0.980974562970007 -1.27434099505512 0
0.961981629195769 -1.30954424017041 0
0.936779994921065 -1.34060671962528 0
0.911578360646362 -1.37166919908014 0
0.88554815177338 -1.40204070259954 0
0.857459612437147 -1.43051936053767 0
0.830398361727621 -1.45997591685433 0
0.809314559178658 -1.49396816994347 0
0.789019219592393 -1.52843698470519 0
0.77133898090756 -1.564317469095 0
0.758912269041901 -1.60233821122621 0
0.795812566442237 -1.61777738386489 0
0.835808128927344 -1.61837318710412 0
0.875655634002433 -1.61488372592927 0
0.914522338128912 -1.60542966276337 0
0.951096395107523 -1.58923280022381 0
0.986114763590056 -1.56990111977897 0
1.01947933417227 -1.54783745213589 0
1.04848142621722 -1.52028969983164 0
1.07462622103107 -1.49001677952087 0
1.10116905188816 -1.46009223892137 0
1.12895283243615 -1.43131618049667 0
1.16207045026362 -1.40888353933621 0
1.19820155043779 -1.39172126675348 0
1.22989135746403 -1.36731315067215 0
1.25982950991046 -1.34078567382088 0
1.29441205623792 -1.32068474126768 0
1.33149645886609 -1.30569317424778 0
1.37054532867085 -1.29702220158201 0
1.41049146566039 -1.29494707758255 0
1.44974809696775 -1.30262281197073 0
1.48576099461419 -1.32003175229193 0
1.5254756687895 -1.32480088797348 0
1.56546642237237 -1.32566090417957 0
1.60209003022291 -1.30957639772119 0
1.63864481566552 -1.29333608795676 0
1.6740947969763 -1.27480776301722 0
1.70368418276331 -1.24789181516566 0
1.72125964850772 -1.21195989337087 0
1.72375477995393 -1.17203779023156 0
1.71867348791981 -1.13236184700063 0
1.7118421970775 -1.09294949531455 0
1.69225443415033 -1.05807372229789 0
1.67266667122317 -1.02319794928123 0
1.66676216023968 -0.983636140044977 0
1.6630140185224 -0.943812134298854 0
1.66493926815839 -0.903858493490549 0
1.66932819212832 -0.864100005762944 0
1.67371711609825 -0.82434151803534 0
1.67810604006818 -0.784583030307733 0
1.68799612528035 -0.745824983214309 0
1.69975955923385 -0.707593822865433 0
1.71152299318735 -0.669362662516556 0
1.72199765393804 -0.6307584984645 0
1.72892436916667 -0.591362805601684 0
1.7358510843953 -0.551967112738865 0
1.74406104774685 -0.512818721944784 0
1.75239840752818 -0.473697264509296 0
1.76073576730951 -0.434575807073809 0
1.7645753084503 -0.394760509463114 0
1.76667766177521 -0.354815796289812 0
1.76878001510012 -0.31487108311651 0
1.77088236842504 -0.274926369943211 0
1.77298472174995 -0.234981656769911 0
1.77239403698283 -0.19498601836388 0
1.77137741633171 -0.154998939420153 0
1.7703607956806 -0.115011860476426 0
1.76235964748808 -0.0758202589832306 0
1.75313380823478 -0.0368987496333596 0
1.74390796898148 0.00202275971651381 0
1.73259804295598 0.0403905270909371 0
1.71672159692857 0.0771048085293418 0
1.70084515090115 0.113819089967746 0
1.68295449685696 0.149595122417853 0
1.65848252881631 0.181235646753233 0
1.63401056077567 0.21287617108861 0
1.60953859273502 0.244516695423989 0
1.58462866171259 0.275813585628252 0
1.55559055435635 0.303323371544684 0
1.52655244700012 0.330833157461116 0
1.49751433964389 0.358342943377547 0
1.48537546217085 0.39645655844742 0
1.48567549218946 0.436455433206444 0
1.50585558482831 0.470991846759206 0
1.54139527517707 0.489347511005268 0
1.57693496552583 0.507703175251332 0
1.6121388412469 0.526694940156562 0
1.64677108681271 0.546710123569895 0
1.6791982559487 0.57012974572367 0
1.7116254250847 0.593549367877445 0
1.74638667901812 0.613339648951152 0
1.78131458709872 0.632834295321717 0
1.81770356747392 0.64944279035447 0
1.85575527368285 0.661774361811069 0
1.89380697989178 0.674105933267667 0
1.9323097565073 0.68494734428727 0
1.97118376073484 0.694371345312131 0
2.01005776496239 0.703795346336991 0
2.04958429323172 0.709931596248341 0
2.08915865864631 0.715751355868134 0
2.1287330240609 0.721571115487927 0
2.1686221220953 0.724547666848527 0
2.20860219240159 0.723285138312538 0
2.24858226270788 0.722022609776551 0
2.28785794083911 0.714444938146539 0
2.24932988615732 0.70369370554573 0
2.20934556950215 0.702573695894131 0
2.16952367908489 0.698803146385781 0
2.13234702655446 0.684041828469288 0
2.09580645609015 0.667769560337794 0
2.06039988549276 0.649158414254549 0
2.02511104573813 0.630324992133953 0
1.99060312693423 0.610096212145455 0
1.95609520813032 0.589867432156959 0
1.92483975075818 0.564905533502049 0
1.89655547951072 0.536621262254588 0
1.86827120826326 0.508336991007127 0
1.84900295566565 0.473283682435255 0
1.8300832224531 0.438041042137372 0
1.8110834643266 0.402841479766023 0
1.79178722419649 0.367803570056093 0
1.77577406773026 0.331148709259908 0
1.77315673802783 0.291234431297895 0
1.8015399361387 0.263049434136294 0
1.84023137978631 0.252901912839737 0
1.88014471622759 0.255533561396306 0
1.9200731770178 0.25792479934444 0
1.96006197763355 0.256978318856493 0
2.00005077824929 0.256031838368546 0
2.04003957886504 0.255085357880599 0
2.08002837948079 0.254138877392652 0
2.11985888269825 0.250460424804475 0
2.15959423326096 0.245866742658496 0
2.19932958382367 0.241273060512518 0
2.23906493438639 0.236679378366539 0
2.27871364267705 0.231389772437767 0
2.31811192366291 0.224477793317442 0
2.35751020464876 0.217565814197117 0
2.39690848563461 0.210653835076792 0
2.43630676662047 0.203741855956467 0
2.47586387750421 0.197805950083614 0
2.51544387270099 0.192024602470601 0
2.55502386789778 0.186243254857588 0
2.59460386309457 0.180461907244574 0
2.63444415233585 0.176891003553468 0
2.67436903441054 0.179341267074297 0
2.71429391648524 0.181791530595127 0
2.75421879855994 0.184241794115957 0
2.79414368063464 0.186692057636786 0
2.83406856270934 0.189142321157616 0
2.87399344478404 0.191592584678446 0
2.91389158111881 0.19444542834962 0
2.95361760529172 0.199119078252317 0
2.9929000495719 0.206661595827691 0
3.03147237734178 0.217252890857708 0
3.06827333650137 0.232927373462715 0
3.10470203159116 0.249448577234087 0
3.14079124225311 0.266698761980832 0
3.17471117441332 0.287898719580959 0
3.20663485117516 0.312000148210926 0
3.23562296106823 0.339562613355158 0
3.26394296505267 0.367811106665794 0
3.29055120673861 0.397677500394911 0
3.31639902460013 0.428204378908735 0
3.34095492091507 0.459779811703393 0
3.36187556970917 0.493872720849341 0
3.38570702410544 0.525998439228213 0
3.40145189659706 0.562769337914851 0
3.41292650134154 0.601088177223446 0
3.42390736259482 0.63955141533643 0
3.42921300408954 0.679197980992605 0
3.43152795807011 0.719130937157502 0
3.4324443580574 0.759120438418001 0
3.43064841818502 0.79908010057842 0
3.42844157381784 0.839019177156865 0
3.42037545699102 0.878197458887132 0
3.41014598020495 0.916867315425308 0
3.3948519084959 0.953827988722185 0
3.37775449411856 0.989989825257532 0
3.35986595029856 1.02576691289753 0
3.33553093200682 1.05751288720516 0
3.31111465917457 1.0891964100677 0
3.28936500708046 1.12276652525644 0
3.26750973432245 1.15626797377248 0
3.24518266662979 1.18945685818048 0
3.22208083994569 1.22211119332694 0
3.19818158704427 1.25418650643148 0
3.16832500065422 1.28080575227228 0
3.1374089030749 1.30618674733683 0
3.10121615498686 1.32321862879002 0
3.06135973520708 1.32660474785724 0
3.02136525541542 1.32726926737872 0
2.98150976104501 1.33066626141612 0
2.94151421963848 1.33126347795912 0
2.90356688771646 1.34391258859979 0
2.86561955579444 1.35656169924047 0
2.82767222387242 1.36921080988114 0
2.79299843775482 1.3891539429417 0
2.76043842272393 1.41238851677442 0
2.72787840769304 1.43562309060714 0
2.69541807709516 1.45899672826746 0
2.66327578936137 1.4828058302925 0
2.63113350162758 1.50661493231752 0
2.59537962781154 1.52454982866924 0
2.55949711226446 1.54222594470229 0
2.52361459671738 1.55990206073533 0
2.4866059168032 1.57507959712992 0
2.44946684916779 1.58993522418408 0
2.41232778153238 1.60479085123824 0
2.37252067823542 1.60871443723899 0
2.33297413259161 1.61472032831714 0
2.29413001385471 1.6242667642779 0
2.25441123459174 1.62900158991986 0
2.2150168066904 1.63593549576909 0
2.17569277726205 1.64325811207184 0
2.13580546093069 1.64625844470052 0
2.09665998281829 1.6544822846401 0
2.05717748949783 1.66089576428846 0
2.01752069665916 1.66612441437722 0
1.97807671607718 1.67277064608012 0
1.93841516771018 1.67796310032956 0
1.89915424500734 1.68561685421386 0
1.8598933223045 1.69327060809817 0
1.82063239960166 1.70092436198248 0
1.78150618240628 1.70923935614843 0
1.74257524004496 1.71842530884043 0
1.70364429768364 1.72761126153243 0
1.6647549850198 1.73697188974501 0
1.62487844661674 1.74011222173205 0
1.58490500434546 1.74156958681486 0
1.54492834416826 1.74293583755198 0
1.50493981329147 1.74389364667478 0
1.46495128241467 1.74485145579757 0
1.42627999029728 1.73462740738359 0
1.38718692182118 1.72615793295346 0
1.34829266626648 1.71681786417181 0
1.31009637249738 1.70494170560495 0
1.27207116161725 1.6925286746487 0
1.23439488191016 1.67909372219501 0
1.19759548521736 1.66341557169676 0
1.16187666552789 1.645410963398 0
1.12691205906467 1.62598221421355 0
1.09244843409248 1.60567806306714 0
1.05953245054098 1.58295059011396 0
1.02782749097679 1.55856215967998 0
0.996607373781969 1.53355607477367 0
0.966289796276359 1.50746307774015 0
0.936310107281706 1.48098255191863 0
0.907660228583044 1.45306867632688 0
0.87828795779243 1.42591596543822 0
0.862288561755388 1.38925509629346 0
0.849943426412104 1.35120778846023 0
0.842024470803016 1.31199949670885 0
0.843504937223412 1.27202690335818 0
0.844985403643807 1.23205431000751 0
0.858189385660528 1.19429646500939 0
0.880642673545896 1.16119284189746 0
0.895639844953366 1.12411070536551 0
0.906678956399723 1.08566414481095 0
0.917778697857717 1.04723504464498 0
0.929363956401398 1.00894951494412 0
0.944371666710726 0.971871642415192 0
0.959860097551686 0.934991993418964 0
0.976622424650154 0.89867361803895 0
0.993560180532505 0.862436724881975 0
1.01162693898422 0.826749300779815 0
1.02969369743594 0.79106187667766 0
1.05019310131627 0.756714031904648 0
1.0717111657472 0.722995003105667 0
1.08501398950207 0.685271868557397 0
1.04598157678808 0.676527112544518 0
1.01156256122653 0.696906792811226 0
0.977143545664971 0.717286473077939 0
0.943197109223357 0.738443964727836 0
0.90940364360769 0.75984493857677 0
0.875844181108031 0.781611024047847 0
0.846123698923457 0.808382145404945 0
0.815816021761905 0.834486641283458 0
0.78187468201519 0.855652308204162 0
0.747933342268475 0.876817975124866 0
0.711251912488233 0.892770175890823 0
0.674076157207404 0.907533753346846 0
0.636271080907676 0.920601890397394 0
0.597502643861036 0.930451168998433 0
0.558402703828002 0.938888863553987 0
0.518623765962579 0.943088399516319 0
0.478844828097156 0.947287935478651 0
0.439065890231738 0.951487471440983 0
0.39928695236632 0.955687007403314 0
0.359508014500897 0.959886543365646 0
0.319729076635475 0.964086079327978 0
0.279950138770052 0.96828561529031 0
0.240342423185139 0.97387389464489 0
0.200818393871501 0.980026219962579 0
0.161098231731545 0.984749430689978 0
0.121151895834997 0.986820722180911 0
0.0818129161862426 0.97957885224319 0
0.042805011860397 0.970725412227817 0
0.00431791649944297 0.959828463541281 0
-0.0340020677784051 0.948357683055818 0
-0.0715271855589206 0.934506129512675 0
-0.108224776365833 0.918591141954768 0
-0.144290695439964 0.901292313053996 0
-0.183965962027399 0.896205740414581 0
-0.223641228614834 0.891119167775166 0
-0.262893219333776 0.883419737627406 0
-0.301539501406091 0.87310155552072 0
-0.340107219244085 0.862493485914577 0
-0.37819783157532 0.850282619760545 0
-0.416288443906554 0.838071753606513 0
-0.455331718354681 0.829375621111651 0
-0.492815176384838 0.81541172573459 0
-0.52593520112773 0.792982638347219 0
-0.551726091220225 0.762407648760353 0
-0.573660365233854 0.741597036197881 0
