1616
0.957153933192991 1.24987916606049 -9.90452674045463E-18
0.996831924377145 1.25494444153081 -9.90452674045463E-18
1.0365099155613 1.26000971700112 -9.90452674045463E-18
1.07618790674545 1.26507499247144 -9.90452674045463E-18
1.11586589792961 1.27014026794176 -9.90452674045463E-18
1.15554388911376 1.27520554341208 -9.90452674045463E-18
1.19522188029791 1.28027081888239 -9.90452674045463E-18
1.23413121994074 1.28954784904074 -9.90452674045463E-18
1.27218013269869 1.30188803696224 -9.90452674045463E-18
1.31022904545665 1.31422822488374 -9.90452674045463E-18
1.3482779582146 1.32656841280524 -9.90452674045463E-18
1.38632687097255 1.33890860072673 -9.90452674045464E-18
1.42483234834658 1.34974041554227 -9.90452674045463E-18
1.46417047589014 1.35698691272135 -9.90452674045464E-18
1.5035086034337 1.36423340990042 -9.90452674045463E-18
1.54284673097726 1.3714799070795 -9.90452674045463E-18
1.58218485852083 1.37872640425858 -9.90452674045464E-18
1.62150601862433 1.38606441271556 -9.90452674045463E-18
1.66052365870704 1.39487484757294 -9.90452674045463E-18
1.69954129878975 1.40368528243033 -9.90452674045463E-18
1.73855893887246 1.41249571728771 -9.90452674045463E-18
1.77757657895516 1.4213061521451 -9.90452674045464E-18
1.81744238338379 1.41803237187471 -9.90452674045463E-18
1.85678427003307 1.41080631106158 -9.90452674045463E-18
1.89612615668235 1.40358025024845 -9.90452674045463E-18
1.93546804333163 1.39635418943531 -9.90452674045463E-18
1.97480992998091 1.38912812862218 -9.90452674045464E-18
2.01415181663019 1.38190206780905 -9.90452674045463E-18
2.05349686269714 1.37469322948446 -9.90452674045463E-18
2.09347672170895 1.37342402761107 -9.90452674045463E-18
2.13345658072077 1.37215482573768 -9.90452674045464E-18
2.17343643973259 1.37088562386429 -9.90452674045463E-18
2.2134162987444 1.3696164219909 -9.90452674045463E-18
2.25339615775622 1.36834722011751 -9.90452674045463E-18
2.29337601676803 1.36707801824412 -9.90452674045463E-18
2.33335587577985 1.36580881637072 -9.90452674045463E-18
2.37333573479167 1.36453961449733 -9.90452674045463E-18
2.41333133039399 1.36513319045338 -9.90452674045463E-18
2.45322967838722 1.36798307245289 -9.90452674045464E-18
2.49312802638045 1.37083295445241 -9.90452674045463E-18
2.53302637437368 1.37368283645193 -9.90452674045463E-18
2.5729247223669 1.37653271845144 -9.90452674045463E-18
2.61282307036013 1.37938260045096 -9.90452674045463E-18
2.65263655903952 1.37552434706678 -9.90452674045463E-18
2.69215704038956 1.36934927185583 -9.90452674045463E-18
2.73167752173961 1.36317419664489 -9.90452674045463E-18
2.77119800308965 1.35699912143394 -9.90452674045463E-18
2.81023373603414 1.34826919855418 -9.90452674045463E-18
2.84795334937746 1.33495639384477 -9.90452674045463E-18
2.88567296272077 1.32164358913537 -9.90452674045463E-18
2.92339257606409 1.30833078442596 -9.90452674045463E-18
2.9611121894074 1.29501797971656 -9.90452674045463E-18
2.99831990179531 1.2803351278526 -9.90452674045463E-18
3.03487236374012 1.26408958921046 -9.90452674045463E-18
3.07142482568493 1.24784405056832 -9.90452674045463E-18
3.10797728762974 1.23159851192618 -9.90452674045463E-18
3.12688273640112 1.19634820686718 -9.90452674045463E-18
3.12534541151707 1.15637775988193 -9.90452674045463E-18
3.12380808663303 1.11640731289668 -9.90452674045463E-18
3.12233397401194 1.07643448472578 -9.90452674045463E-18
3.12128170672841 1.03644832795166 -9.90452674045463E-18
3.12022943944489 0.996462171177547 -9.90452674045463E-18
3.11917717216136 0.956476014403432 -9.90452674045463E-18
3.11812490487783 0.916489857629317 -9.90452674045463E-18
3.1170726375943 0.876503700855203 -9.90452674045463E-18
3.11704427219892 0.83650371091265 -9.90452674045463E-18
3.08152557919998 0.854899972697245 -9.90452674045463E-18
3.05252560185621 0.882449951173834 -9.90452674045463E-18
3.02352562451243 0.909999929650421 -9.90452674045463E-18
2.99452564716865 0.937549908127009 -9.90452674045463E-18
2.96552566982488 0.965099886603597 -9.90452674045463E-18
2.9365256924811 0.992649865080184 -9.90452674045464E-18
2.90752571513732 1.02019984355677 -9.90452674045463E-18
2.93049911875122 0.987455031350972 -9.90452674045464E-18
2.95479712305405 0.955680718031884 -9.90452674045463E-18
2.97909512735688 0.923906404712796 -9.90452674045463E-18
3.00339313165971 0.892132091393707 -9.90452674045463E-18
3.02769113596255 0.860357778074618 -9.90452674045463E-18
3.05198914026538 0.828583464755529 -9.90452674045463E-18
3.07628714456821 0.796809151436441 -9.90452674045463E-18
3.10058514887104 0.765034838117354 -9.90452674045463E-18
3.11808064809796 0.729063912263259 -9.90452674045463E-18
3.12957456352062 0.690750860854413 -9.90452674045463E-18
3.14106847894327 0.652437809445567 -9.90452674045463E-18
3.10324754705365 0.665459987105262 -9.90452674045463E-18
3.06851782136867 0.685305544639536 -9.90452674045463E-18
3.03378809568369 0.705151102173809 -9.90452674045463E-18
2.99905836999872 0.724996659708082 -9.90452674045463E-18
2.96432864431374 0.744842217242356 -9.90452674045463E-18
2.93541552804441 0.772483340728863 -9.90452674045463E-18
2.90932585145839 0.80280377568018 -9.90452674045463E-18
2.88323617487237 0.833124210631498 -9.90452674045463E-18
2.85714649828636 0.863444645582814 -9.90452674045463E-18
2.83105682170034 0.893765080534132 -9.90452674045463E-18
2.80496714511432 0.924085515485449 -9.90452674045463E-18
2.77887746852831 0.954405950436767 -9.90452674045463E-18
2.78993201457212 0.915963824952277 -9.90452674045463E-18
2.8088447227647 0.880717414229734 -9.90452674045463E-18
2.82775743095728 0.845471003507191 -9.90452674045463E-18
2.84667013914987 0.810224592784649 -9.90452674045464E-18
2.86558284734245 0.774978182062106 -9.90452674045463E-18
2.88859206142944 0.742258523336821 -9.90452674045463E-18
2.91396472589656 0.711335588517516 -9.90452674045463E-18
2.93933739036368 0.680412653698212 -9.90452674045463E-18
2.96471005483081 0.649489718878908 -9.90452674045463E-18
2.99008271929793 0.618566784059605 -9.90452674045463E-18
3.01545538376505 0.5876438492403 -9.90452674045463E-18
3.04082804823217 0.556720914420996 -9.90452674045463E-18
3.04941871820632 0.517654299653457 -9.90452674045463E-18
3.05304014804802 0.477818571394748 -9.90452674045463E-18
3.05666157788972 0.437982843136041 -9.90452674045463E-18
3.06028300773142 0.398147114877333 -9.90452674045463E-18
3.06390443757312 0.358311386618625 -9.90452674045463E-18
3.06752586741482 0.318475658359917 -9.90452674045463E-18
3.07114729725652 0.27863993010121 -9.90452674045463E-18
3.0330436867834 0.290810175329333 2.48169776049312E-17
3.00436917072591 0.318698741604218 4.93483329871815E-17
2.97569465466842 0.346587307879104 7.38796883694323E-17
2.94702013861093 0.374475874153989 9.84110437516826E-17
2.91834562255343 0.402364440428874 1.22942399133933E-16
2.8916104839402 0.432117295137809 1.36682469018274E-16
2.86750196418181 0.464035617071449 1.36682469018274E-16
2.84339344442342 0.49595393900509 1.36682469018274E-16
2.81928492466503 0.52787226093873 1.36682469018274E-16
2.79517640490664 0.55979058287237 1.36682469018274E-16
2.77201237762034 0.592400824206643 1.17538602512916E-16
2.74937626500751 0.625379702383126 8.78728997908709E-17
2.72674015239468 0.658358580559609 5.82071970688258E-17
2.70410403978185 0.691337458736091 2.85414943467818E-17
2.68146792716902 0.724316336912573 -1.12420837526223E-18
2.69664449199318 0.687307258564983 -9.90452674045463E-18
2.71359189634923 0.651074876838242 -9.90452674045463E-18
2.73053930070529 0.6148424951115 -9.90452674045463E-18
2.74748670506135 0.578610113384759 -9.90452674045463E-18
2.7644341094174 0.542377731658017 -9.90452674045463E-18
2.78260868295929 0.506745093858232 -9.90452674045463E-18
2.80548038942681 0.473929167187432 -9.90452674045463E-18
2.82835209589434 0.441113240516631 -9.90452674045463E-18
2.85122380236187 0.40829731384583 -9.90452674045463E-18
2.8740955088294 0.375481387175029 -9.90452674045463E-18
2.89696721529692 0.342665460504229 -9.90452674045464E-18
2.91983892176445 0.309849533833429 -9.90452674045463E-18
2.94288026749637 0.277152494412982 -9.90452674045463E-18
2.96983874699726 0.247601853421623 -9.90452674045463E-18
2.99679722649815 0.218051212430264 -9.90452674045464E-18
3.02375570599904 0.188500571438905 -9.90452674045463E-18
3.05071418549992 0.158949930447546 -9.90452674045463E-18
3.07767266500081 0.129399289456188 -9.90452674045463E-18
3.1046311445017 0.0998486484648293 -9.90452674045463E-18
3.11607574449778 0.0615208370098325 -9.90452674045463E-18
3.0913628824205 0.0300681034569352 -9.90452674045463E-18
3.0513700103709 0.0308232095584547 -9.90452674045463E-18
3.01178655279952 0.0365808033870191 -9.90452674045463E-18
2.97220309522814 0.0423383972155834 -9.90452674045463E-18
2.93261963765676 0.0480959910441477 -9.90452674045463E-18
2.89303618008538 0.0538535848727122 -9.90452674045463E-18
2.85491266151052 0.0659613233680814 -9.90452674045463E-18
2.8168443168001 0.0782414345649917 -9.90452674045463E-18
2.77975815256014 0.0932286431765608 -9.90452674045463E-18
2.7617093548402 0.128925154222664 -9.90452674045463E-18
2.74366055712026 0.164621665268768 -9.90452674045463E-18
2.72561175940032 0.200318176314873 -9.90452674045463E-18
2.70756296168038 0.236014687360978 -9.90452674045463E-18
2.68951416396044 0.271711198407083 -9.90452674045463E-18
2.6714653662405 0.307407709453187 -9.90452674045463E-18
2.65341656852056 0.343104220499293 -9.90452674045464E-18
2.63536777080062 0.378800731545398 -9.90452674045463E-18
2.61745874109307 0.414567568908161 -9.90452674045463E-18
2.6000363039689 0.45057393896478 -9.90452674045463E-18
2.58261386684473 0.486580309021401 -9.90452674045463E-18
2.56519142972056 0.522586679078022 -9.90452674045463E-18
2.54776899259639 0.558593049134643 -9.90452674045463E-18
2.53034655547222 0.594599419191264 -9.90452674045463E-18
2.51292411834805 0.630605789247884 -9.90452674045463E-18
2.49550168122388 0.666612159304505 -9.90452674045463E-18
2.4780792440997 0.702618529361126 -9.90452674045463E-18
2.48213461473369 0.662824635746389 -9.90452674045463E-18
2.49294487033882 0.624313100153117 -9.90452674045463E-18
2.50375512594394 0.585801564559844 -9.90452674045463E-18
2.51456538154907 0.547290028966572 -9.90452674045463E-18
2.5253756371542 0.5087784933733 -9.90452674045463E-18
2.53618589275933 0.470266957780031 -9.90452674045463E-18
2.54699614836446 0.431755422186762 -9.90452674045463E-18
2.55780640396959 0.393243886593493 -9.90452674045463E-18
2.56861665957472 0.354732351000224 -9.90452674045463E-18
2.57989272875436 0.316354619646534 -9.90452674045463E-18
2.59185616188417 0.278185571089509 -9.90452674045463E-18
2.60381959501398 0.240016522532484 -9.90452674045463E-18
2.6157830281438 0.20184747397546 -9.90452674045463E-18
2.62774646127361 0.163678425418435 -9.90452674045463E-18
2.63970989440343 0.125509376861411 -9.90452674045463E-18
2.59995890501697 0.121053050706643 -9.90452674045463E-18
2.56504116573148 0.140565905013241 -9.90452674045463E-18
2.53012342644598 0.160078759319839 -9.90452674045463E-18
2.50353431093171 0.189962181750485 -9.90452674045463E-18
2.47733708939499 0.220189745062078 -9.90452674045463E-18
2.45113986785828 0.250417308373671 -9.90452674045463E-18
2.42852800336736 0.283412816920208 -9.90452674045463E-18
2.41100922643618 0.319372411673698 -9.90452674045463E-18
2.39349044950499 0.35533200642719 -9.90452674045463E-18
2.3759716725738 0.391291601180681 -9.90452674045463E-18
2.36106593115607 0.428410583828215 -9.90452674045463E-18
2.34811842399355 0.46625714322635 -9.90452674045463E-18
2.33517091683103 0.504103702624484 -9.90452674045463E-18
2.3222145646352 0.541947234935533 -9.90452674045463E-18
2.30696132771708 0.57892477897945 -9.90452674045463E-18
2.29170809079897 0.615902323023367 -9.90452674045463E-18
2.27645485388085 0.652879867067284 -9.90452674045463E-18
2.26120161696273 0.689857411111201 -9.90452674045463E-18
2.24594838004462 0.726834955155118 -9.90452674045463E-18
2.2306951431265 0.763812499199035 -9.90452674045463E-18
2.21544190620839 0.800790043242952 -9.90452674045463E-18
2.19636383992953 0.835947224402135 -9.90452674045463E-18
2.16952730697077 0.865608655567085 -9.90452674045463E-18
2.142690774012 0.895270086732036 -9.90452674045463E-18
2.15583509598808 0.857491431385541 -9.90452674045463E-18
2.17150957859309 0.820690472225959 -9.90452674045463E-18
2.18718406119809 0.783889513066376 -9.90452674045463E-18
2.2028585438031 0.747088553906793 -9.90452674045463E-18
2.21853302640811 0.710287594747209 -9.90452674045463E-18
2.22804715619183 0.671435550599463 -9.90452674045463E-18
2.23736135081017 0.632535090722854 -9.90452674045463E-18
2.24667554542851 0.593634630846246 -9.90452674045463E-18
2.25598974004686 0.554734170969639 -9.90452674045463E-18
2.2653039346652 0.51583371109303 -9.90452674045463E-18
2.27461812928354 0.476933251216421 -9.90452674045463E-18
2.28040928398604 0.437354689756816 -9.90452674045463E-18
2.28222559042279 0.397395948148404 -9.90452674045463E-18
2.28404189685953 0.357437206539992 -9.90452674045463E-18
2.28585820329628 0.31747846493158 -9.90452674045463E-18
2.25565563132902 0.343704494874415 -9.90452674045463E-18
2.23261749003169 0.376403792199654 -9.90452674045463E-18
2.20957934873436 0.409103089524893 -9.90452674045463E-18
2.18654120743704 0.441802386850132 -9.90452674045463E-18
2.15793794613549 0.469764029200239 -9.90452674045463E-18
2.12564230124517 0.493364692773931 -9.90452674045463E-18
2.09334665635486 0.516965356347624 -9.90452674045463E-18
2.07308823439535 0.551455881709098 -9.90452674045463E-18
2.05864847029304 0.588758605640062 -9.90452674045463E-18
2.04420870619073 0.626061329571025 -9.90452674045463E-18
2.02976894208842 0.663364053501988 -9.90452674045463E-18
2.01532917798612 0.70066677743295 -9.90452674045463E-18
2.00088941388381 0.737969501363913 -9.90452674045463E-18
1.97839865196692 0.771047675866112 -9.90452674045463E-18
1.95428532839949 0.802962368823003 -9.90452674045463E-18
1.93017200483207 0.834877061779892 -9.90452674045463E-18
1.90605868126464 0.866791754736781 -9.90452674045463E-18
1.88194535769721 0.89870644769367 -9.90452674045463E-18
1.8555182667214 0.928733250096793 -9.90452674045463E-18
1.82854749216054 0.958272669853918 -9.90452674045463E-18
1.82704745584257 0.918300806111471 -9.90452674045463E-18
1.84056204598684 0.880653019281003 -9.90452674045463E-18
1.85441599874317 0.843128787203246 -9.90452674045464E-18
1.87044875210396 0.806482493807159 -9.90452674045463E-18
1.88648150546474 0.769836200411072 -9.90452674045463E-18
1.90251425882553 0.733189907014984 -9.90452674045463E-18
1.91854701218632 0.696543613618896 -9.90452674045463E-18
1.93267122526267 0.659120270569751 -9.90452674045463E-18
1.9446022249881 0.62094107144835 -9.90452674045463E-18
1.95653322471354 0.582761872326949 -9.90452674045463E-18
1.96846422443898 0.544582673205549 -9.90452674045463E-18
1.98039522416442 0.506403474084147 -9.90452674045463E-18
1.95248097368896 0.535052987524925 -9.90452674045463E-18
1.92463514024601 0.563769003262968 -9.90452674045463E-18
1.89678930680306 0.59248501900101 -9.90452674045463E-18
1.86894347336011 0.621201034739052 -9.90452674045463E-18
1.84281712516398 0.651489876412757 -9.90452674045463E-18
1.81685926092067 0.681923234491121 -9.90452674045463E-18
1.79090139667736 0.712356592569484 -9.90452674045463E-18
1.76494353243405 0.742789950647848 -9.90452674045463E-18
1.73166462507417 0.764982614411634 -9.90452674045463E-18
1.69797376904771 0.786544762268569 -9.90452674045463E-18
1.66428291302125 0.808106910125504 -9.90452674045463E-18
1.63059205699479 0.829669057982439 -9.90452674045463E-18
1.59690120096833 0.851231205839374 -9.90452674045463E-18
1.6235177450739 0.821372210881798 -9.90452674045463E-18
1.6521577506587 0.793448205436617 -9.90452674045463E-18
1.6807977562435 0.765524199991435 -9.90452674045463E-18
1.7094377618283 0.737600194546253 -9.90452674045463E-18
1.73662743686041 0.708262137834053 -9.90452674045463E-18
1.76113030347784 0.676645535747042 -9.90452674045463E-18
1.78563317009528 0.645028933660032 -9.90452674045463E-18
1.81013603671271 0.613412331573023 -9.90452674045463E-18
1.83463890333014 0.581795729486014 -9.90452674045463E-18
1.85208544560003 0.545801033170794 -9.90452674045463E-18
1.86833098424217 0.509248571225984 -9.90452674045463E-18
1.88457652288431 0.472696109281174 -9.90452674045463E-18
1.90082206152645 0.436143647336364 -9.90452674045463E-18
1.91307151105284 0.398065425393891 -9.90452674045463E-18
1.92091615645837 0.358842198366255 -9.90452674045463E-18
1.9287608018639 0.319618971338619 -9.90452674045463E-18
1.93660544726942 0.280395744310983 -9.90452674045463E-18
1.94445009267495 0.241172517283346 -9.90452674045463E-18
1.94498654553832 0.201176114716047 -9.90452674045463E-18
1.93828995755208 0.161740652130417 -9.90452674045463E-18
1.93159336956584 0.122305189544788 -9.90452674045463E-18
1.9248967815796 0.0828697269591589 -9.90452674045463E-18
1.91820019359336 0.0434342643735288 -9.90452674045463E-18
1.8836861168417 0.0636525359608894 -9.90452674045463E-18
1.85466756890133 0.0911829532376491 -9.90452674045463E-18
1.82564902096096 0.118713370514409 -9.90452674045463E-18
1.79663047302059 0.146243787791169 -9.90452674045463E-18
1.76754619258818 0.173704753391973 -9.90452674045463E-18
1.73833533604742 0.201031038543002 -9.90452674045463E-18
1.70912447950667 0.228357323694031 -9.90452674045463E-18
1.67991362296591 0.255683608845061 -9.90452674045463E-18
1.65269160847737 0.284991661103541 9.12177155707385E-18
1.62710463844156 0.315737505772157 4.28418043585632E-17
1.60151766840575 0.346483350440772 7.65618371600516E-17
1.57593069836994 0.377229195109388 1.1028186996154E-16
1.55033346298989 0.407966493964329 1.27041155420178E-16
1.52469922510072 0.438672940320777 8.26244531276224E-17
1.49906498721155 0.469379386677226 3.82077508350667E-17
1.47343074932238 0.500085833033674 -6.20895145748802E-18
1.49201258489368 0.464663871106065 1.67493585145541E-17
1.51116669919005 0.429548064045402 4.13952584697503E-17
1.53032081348642 0.39443225698474 6.60411584249466E-17
1.54947492778279 0.359316449924078 9.06870583801428E-17
1.56862904207915 0.324200642863415 1.15332958335339E-16
1.58838634153816 0.289420632540142 1.32339604199257E-16
1.61188141279866 0.257048088209109 1.00101257047269E-16
1.63537648405914 0.224675543878079 6.78629098952828E-17
1.65887155531963 0.192302999547049 3.56245627432967E-17
1.68236662658012 0.159930455216018 3.38621559131073E-18
1.70812924588601 0.129331640753694 -9.90452674045463E-18
1.73539826985522 0.100067322347711 -9.90452674045463E-18
1.76266729382443 0.0708030039417289 -9.90452674045463E-18
1.78993631779365 0.0415386855357464 -9.90452674045463E-18
1.81720534176286 0.012274367129764 -9.90452674045463E-18
1.82905422825736 -0.0259303955162783 -9.90452674045463E-18
1.80933372537812 -0.0607312829502218 -9.90452674045463E-18
1.78961322249889 -0.0955321703841668 -9.90452674045464E-18
1.77573380258377 -0.13304699016009 -9.90452674045463E-18
1.77136976546371 -0.172808217254015 -9.90452674045463E-18
1.76700572834365 -0.21256944434794 -9.90452674045463E-18
1.76264169122358 -0.252330671441865 -9.90452674045463E-18
1.75827765410352 -0.292091898535789 -9.90452674045463E-18
1.75391361698345 -0.331853125629714 -9.90452674045464E-18
1.74954957986339 -0.371614352723639 -9.90452674045463E-18
1.71309125461781 -0.355158638813648 -9.90452674045463E-18
1.69244245268319 -0.320900399240302 -9.90452674045463E-18
1.67179365074857 -0.286642159666957 -9.90452674045463E-18
1.65114484881395 -0.252383920093611 -9.90452674045463E-18
1.63049604687933 -0.218125680520266 -9.90452674045463E-18
1.60984724494471 -0.183867440946913 -9.90452674045463E-18
1.58919844301009 -0.149609201373568 -9.90452674045463E-18
1.56854964107547 -0.115350961800222 -9.90452674045463E-18
1.54790083914085 -0.0810927222268766 -9.90452674045463E-18
1.52725203720623 -0.0468344826535312 -9.90452674045463E-18
1.50660323527161 -0.0125762430801858 -9.90452674045464E-18
1.48595443333699 0.0216819964931596 -9.90452674045463E-18
1.46530563140237 0.0559402360665051 -9.90452674045463E-18
1.44465682946776 0.0901984756398505 -9.90452674045463E-18
1.45712517028909 0.052191364763558 -9.90452674045463E-18
1.4727754633613 0.0153801120443965 -9.90452674045463E-18
1.48842575643352 -0.021431140674765 -9.90452674045463E-18
1.50407604950574 -0.0582423933939265 -9.90452674045463E-18
1.51972634257796 -0.0950536461130795 -9.90452674045463E-18
1.53537663565017 -0.131864898832241 -9.90452674045463E-18
1.55102692872239 -0.168676151551402 -9.90452674045463E-18
1.56667722179461 -0.205487404270555 -9.90452674045463E-18
1.58232751486682 -0.242298656989708 -9.90452674045463E-18
1.59797780793904 -0.279109909708861 -9.90452674045463E-18
1.61362810101125 -0.315921162428014 -9.90452674045463E-18
1.62927839408347 -0.352732415147167 -9.90452674045463E-18
1.64492868715568 -0.389543667866321 -9.90452674045464E-18
1.66057898022789 -0.426354920585474 -9.90452674045463E-18
1.67622927330011 -0.463166173304635 -9.90452674045463E-18
1.68146880738199 -0.502821529596124 -9.90452674045463E-18
1.67436408891653 -0.542185510283124 -9.90452674045463E-18
1.66725937045107 -0.581549490970125 -9.90452674045463E-18
1.66015465198561 -0.620913471657126 -9.90452674045463E-18
1.65304993352015 -0.660277452344126 -9.90452674045463E-18
1.6459452150547 -0.699641433031127 -9.90452674045463E-18
1.61077270270174 -0.718691219769594 -9.90452674045463E-18
1.5744923439918 -0.735535672027779 -9.90452674045463E-18
1.55032789154365 -0.703659674194282 -9.90452674045463E-18
1.53569195314467 -0.666433483049046 -9.90452674045463E-18
1.52105601474569 -0.62920729190382 -9.90452674045463E-18
1.50642007634672 -0.591981100758594 -9.90452674045463E-18
1.49178413794774 -0.554754909613368 -9.90452674045463E-18
1.47714819954876 -0.517528718468141 -9.90452674045463E-18
1.46251226114978 -0.480302527322915 -9.90452674045463E-18
1.4478763227508 -0.443076336177689 -9.90452674045463E-18
1.43324038435182 -0.405850145032453 -9.90452674045463E-18
1.41860444595284 -0.368623953887217 -9.90452674045463E-18
1.40396850755386 -0.331397762741981 -9.90452674045463E-18
1.38933256915488 -0.294171571596745 -9.90452674045463E-18
1.3746966307559 -0.25694538045151 -9.90452674045464E-18
1.36006069235691 -0.219719189306274 -9.90452674045463E-18
1.34542475395793 -0.182492998161038 -9.90452674045463E-18
1.33078881555895 -0.145266807015812 -9.90452674045464E-18
1.31615287715998 -0.108040615870585 -9.90452674045463E-18
1.301516938761 -0.0708144247253591 -9.90452674045463E-18
1.30985270377675 -0.109936221994947 -9.90452674045463E-18
1.31902392180024 -0.148870638132415 -9.90452674045463E-18
1.32819513982374 -0.187805054269882 -9.90452674045463E-18
1.33736635784723 -0.22673947040735 -9.90452674045463E-18
1.34653757587072 -0.265673886544818 -9.90452674045463E-18
1.35570879389421 -0.304608302682286 -9.90452674045463E-18
1.36488001191771 -0.343542718819754 -9.90452674045463E-18
1.3740512299412 -0.382477134957221 -9.90452674045463E-18
1.38322244796469 -0.421411551094689 -9.90452674045463E-18
1.39239366598818 -0.460345967232157 -9.90452674045463E-18
1.40156488401168 -0.499280383369625 -9.90452674045463E-18
1.41073610203517 -0.538214799507092 -9.90452674045463E-18
1.41990732005866 -0.57714921564456 -9.90452674045463E-18
1.42907853808215 -0.616083631782028 -9.90452674045463E-18
1.43824975610564 -0.655018047919496 -9.90452674045463E-18
1.44742097412914 -0.693952464056963 -9.90452674045463E-18
1.42556412461068 -0.72745288389206 -9.90452674045463E-18
1.38978703697069 -0.745341427712058 -9.90452674045463E-18
1.35400994933069 -0.763229971532056 -9.90452674045463E-18
1.31459799577768 -0.770063558960032 -9.90452674045463E-18
1.29753324874916 -0.733886295259569 -9.90452674045464E-18
1.28046850172065 -0.697709031559115 -9.90452674045463E-18
1.26340375469213 -0.661531767858652 -9.90452674045463E-18
1.24633900766361 -0.625354504158189 -9.90452674045463E-18
1.22927426063509 -0.589177240457734 -9.90452674045463E-18
1.21220951360657 -0.552999976757271 -9.90452674045463E-18
1.19514476657805 -0.516822713056808 -9.90452674045463E-18
1.17808001954953 -0.480645449356345 -9.90452674045463E-18
1.16101527252101 -0.444468185655882 -9.90452674045463E-18
1.14395052549249 -0.408290921955428 -9.90452674045463E-18
1.12688577846398 -0.372113658254974 -9.90452674045463E-18
1.10982103143546 -0.335936394554511 -9.90452674045463E-18
1.09275628440694 -0.299759130854048 -9.90452674045463E-18
1.07569153737842 -0.263581867153594 -9.90452674045463E-18
1.0586267903499 -0.227404603453139 -9.90452674045463E-18
1.04156204332139 -0.191227339752685 -9.90452674045463E-18
1.0437966178917 -0.231164874434853 -9.90452674045463E-18
1.05180503314304 -0.270354991622258 -9.90452674045463E-18
1.05981344839438 -0.309545108809654 -9.90452674045463E-18
1.06782186364572 -0.348735225997059 -9.90452674045463E-18
1.07583027889706 -0.387925343184464 -9.90452674045463E-18
1.08383869414839 -0.427115460371859 -9.90452674045463E-18
1.09184710939973 -0.466305577559255 -9.90452674045463E-18
1.09985552465107 -0.50549569474665 -9.90452674045463E-18
1.10786393990241 -0.544685811934056 -9.90452674045463E-18
1.11587235515375 -0.583875929121461 -9.90452674045463E-18
1.12388077040509 -0.623066046308866 -9.90452674045463E-18
1.13188918565642 -0.662256163496271 -9.90452674045463E-18
1.13989760090776 -0.701446280683666 -9.90452674045464E-18
1.1479060161591 -0.740636397871071 -9.90452674045463E-18
1.15591443141044 -0.779826515058467 -9.90452674045463E-18
1.16392284666178 -0.819016632245872 -9.90452674045463E-18
1.13339629776 -0.844864839381904 -9.90452674045463E-18
1.09594313065724 -0.85890977704544 -9.90452674045463E-18
1.05848996355447 -0.872954714708976 -9.90452674045463E-18
1.03758395864969 -0.838852823868131 -9.90452674045463E-18
1.02361959772277 -0.80136953927482 -9.90452674045463E-18
1.00965523679585 -0.76388625468151 -9.90452674045463E-18
0.995690875868929 -0.726402970088199 -9.90452674045463E-18
0.981726514942009 -0.688919685494889 -9.90452674045463E-18
0.96776215401509 -0.651436400901579 -9.90452674045463E-18
0.953797793088173 -0.613953116308277 -9.90452674045463E-18
0.939833432161257 -0.576469831714975 -9.90452674045463E-18
0.92586907123434 -0.538986547121673 -9.90452674045463E-18
0.911904710307424 -0.501503262528371 -9.90452674045463E-18
0.897940349380504 -0.46401997793506 -9.90452674045463E-18
0.883975988453585 -0.42653669334175 -9.90452674045463E-18
0.870011627526665 -0.389053408748439 -9.90452674045463E-18
0.856047266599746 -0.351570124155129 -9.90452674045463E-18
0.842082905672829 -0.314086839561827 -9.90452674045463E-18
0.848892493376844 -0.353502946869638 -9.90452674045463E-18
0.858724815262719 -0.392275687891295 -9.90452674045463E-18
0.868557137148594 -0.431048428912951 -9.90452674045464E-18
0.878389459034468 -0.469821169934608 -9.90452674045463E-18
0.888221780920343 -0.508593910956264 -9.90452674045463E-18
0.898054102806217 -0.547366651977921 -9.90452674045463E-18
0.907886424692092 -0.586139392999577 -9.90452674045463E-18
0.917718746577967 -0.624912134021234 -9.90452674045463E-18
0.927551068463841 -0.66368487504289 -9.90452674045463E-18
0.937383390349716 -0.702457616064547 -9.90452674045463E-18
0.94721571223559 -0.741230357086203 -9.90452674045463E-18
0.957048034121465 -0.78000309810786 -9.90452674045463E-18
0.96688035600734 -0.818775839129516 -9.90452674045463E-18
0.976712677893214 -0.857548580151173 -9.90452674045463E-18
0.97053359893749 -0.897068435708335 -9.90452674045463E-18
0.934541034649641 -0.91451937596911 -9.90452674045463E-18
0.898548470361793 -0.931970316229885 -9.90452674045463E-18
0.872930397811436 -0.901250382004611 -9.90452674045463E-18
0.855561107706525 -0.865218344021018 -9.90452674045463E-18
0.838191817601614 -0.829186306037426 -9.90452674045464E-18
0.820822527496699 -0.793154268053825 -9.90452674045463E-18
0.803453237391783 -0.757122230070225 -9.90452674045463E-18
0.786083947286872 -0.721090192086633 -9.90452674045463E-18
0.768714657181961 -0.68505815410304 -9.90452674045463E-18
0.751345367077046 -0.64902611611944 -9.90452674045463E-18
0.733976076972135 -0.612994078135847 -9.90452674045463E-18
0.716606786867223 -0.576962040152255 -9.90452674045463E-18
0.699237496762312 -0.540930002168663 -9.90452674045463E-18
0.681868206657401 -0.50489796418507 -9.90452674045463E-18
0.664498916552489 -0.468865926201478 -9.90452674045463E-18
0.647129626447574 -0.432833888217877 -9.90452674045463E-18
0.629760336342659 -0.396801850234277 -9.90452674045463E-18
0.627499050214688 -0.436737881397224 -9.90452674045464E-18
0.633048717753947 -0.476351025556759 -9.90452674045463E-18
0.638598385293204 -0.515964169716285 -9.90452674045463E-18
0.644148052832461 -0.555577313875811 -9.90452674045463E-18
0.649697720371719 -0.595190458035337 -9.90452674045463E-18
0.655247387910976 -0.634803602194863 -9.90452674045463E-18
0.660797055450234 -0.674416746354398 -9.90452674045463E-18
0.666346722989493 -0.714029890513932 -9.90452674045463E-18
0.67189639052875 -0.753643034673458 -9.90452674045463E-18
0.677446058068008 -0.793256178832985 -9.90452674045463E-18
0.682995725607266 -0.832869322992519 -9.90452674045464E-18
0.688545393146525 -0.872482467152054 -9.90452674045463E-18
0.694095060685783 -0.912095611311588 -9.90452674045463E-18
0.699644728225042 -0.951708755471123 -9.90452674045463E-18
0.678489740000239 -0.985656752071932 -9.90452674045464E-18
0.644527475849293 -1.00678882754363 -9.90452674045463E-18
0.610565211698348 -1.02792090301533 -9.90452674045463E-18
0.576602947547405 -1.04905297848703 -9.90452674045463E-18
0.562123867159911 -1.01176549759689 -9.90452674045463E-18
0.55199951770756 -0.97306798413457 -9.90452674045463E-18
0.54187516825521 -0.934370470672256 -9.90452674045463E-18
0.531750818802859 -0.895672957209936 -9.90452674045463E-18
0.521626469350508 -0.856975443747616 -9.90452674045463E-18
0.511502119898157 -0.818277930285296 -9.90452674045463E-18
0.501377770445806 -0.779580416822976 -9.90452674045463E-18
0.491253420993455 -0.740882903360656 -9.90452674045463E-18
0.481129071541103 -0.702185389898335 -9.90452674045463E-18
0.47100472208875 -0.663487876436008 -9.90452674045463E-18
0.460880372636397 -0.624790362973681 -9.90452674045463E-18
0.450756023184046 -0.586092849511361 -9.90452674045463E-18
0.44275810233222 -0.625285109742789 -9.90452674045463E-18
0.44275810233222 -0.665285109742789 -9.90452674045463E-18
0.44275810233222 -0.705285109742791 -9.90452674045463E-18
0.44275810233222 -0.745285109742791 -9.90452674045463E-18
0.44275810233222 -0.785285109742791 -9.90452674045463E-18
0.44243444948547 -0.825283800331795 -9.90452674045463E-18
0.434225855713579 -0.864432478320816 -9.90452674045463E-18
0.426017261941687 -0.903581156309839 -9.90452674045463E-18
0.417808668169795 -0.94272983429886 -9.90452674045463E-18
0.409600074397904 -0.981878512287881 -9.90452674045463E-18
0.393706275667253 -1.01858528498597 -9.90452674045463E-18
0.370314212652212 -1.05103234013587 -9.90452674045463E-18
0.346922149637171 -1.08347939528577 -9.90452674045463E-18
0.32353008662213 -1.11592645043566 -9.90452674045463E-18
0.28973421826765 -1.13732362973964 -9.90452674045463E-18
0.25274709432866 -1.15255362194981 -9.90452674045463E-18
0.215759970389671 -1.16778361415998 -9.90452674045463E-18
0.178772846450681 -1.18301360637016 -9.90452674045463E-18
0.193376964937186 -1.22025229221205 -9.90452674045463E-18
0.217229924990695 -1.25236204613024 -9.90452674045464E-18
0.241082885044199 -1.28447180004842 -9.90452674045463E-18
0.264935845097703 -1.3165815539666 -9.90452674045463E-18
0.288788805151206 -1.34869130788477 -9.90452674045463E-18
0.31264176520471 -1.38080106180295 -9.90452674045463E-18
0.336494725258214 -1.41291081572113 -9.90452674045463E-18
0.360347685311718 -1.44502056963931 -9.90452674045463E-18
0.384200645365226 -1.47713032355749 -9.90452674045463E-18
0.40805360541873 -1.50924007747567 -9.90452674045463E-18
0.431906565472234 -1.54134983139385 -9.90452674045464E-18
0.455759525525734 -1.57345958531202 -9.90452674045463E-18
0.444274013107097 -1.53514401400633 -9.90452674045463E-18
0.428214937530038 -1.49850924784617 -9.90452674045463E-18
0.412155861952977 -1.461874481686 -9.90452674045463E-18
0.396096786375917 -1.42523971552583 -9.90452674045463E-18
0.380037710798856 -1.38860494936566 -9.90452674045463E-18
0.35827230009032 -1.35504504923636 -9.90452674045463E-18
0.334964789158523 -1.32253720504201 -9.90452674045463E-18
0.311657278226725 -1.29002936084766 -9.90452674045463E-18
0.288349767294927 -1.25752151665331 -9.90452674045463E-18
0.275696363160115 -1.21957561616589 -9.90452674045463E-18
0.305506015701119 -1.1929038217871 -9.90452674045463E-18
0.344240241979076 -1.18292085055364 -9.90452674045463E-18
0.383490194799919 -1.19063066271488 -9.90452674045463E-18
0.422740147620762 -1.19834047487611 -9.90452674045463E-18
0.461990100441607 -1.20605028703735 -9.90452674045463E-18
0.500115500487468 -1.21815209976698 -9.90452674045464E-18
0.536343109549805 -1.23510970400892 -9.90452674045463E-18
0.572570718612144 -1.25206730825087 -9.90452674045463E-18
0.608798327674482 -1.26902491249281 -9.90452674045463E-18
0.637605079612855 -1.29677686814932 -9.90452674045463E-18
0.662934591223147 -1.32773516011746 -9.90452674045463E-18
0.688264102833436 -1.35869345208559 -9.90452674045463E-18
0.713593614443727 -1.38965174405372 -9.90452674045463E-18
0.735058428306142 -1.42340469601132 -9.90452674045463E-18
0.75430878079385 -1.45846783804251 -9.90452674045463E-18
0.773559133281559 -1.49353098007369 -9.90452674045463E-18
0.792809485769268 -1.52859412210487 -9.90452674045463E-18
0.805825843104483 -1.56641705749759 -9.90452674045463E-18
0.811230371293816 -1.60605026421937 -9.90452674045463E-18
0.816634899483148 -1.64568347094114 -9.90452674045463E-18
0.820028328282938 -1.685539269026 -9.90452674045463E-18
0.818063489914946 -1.72549098250849 -9.90452674045463E-18
0.816098651546955 -1.76544269599099 -9.90452674045463E-18
0.814133813178963 -1.80539440947349 -9.90452674045463E-18
0.812168974810971 -1.84534612295599 -9.90452674045463E-18
0.785273807685712 -1.81573784733406 -9.90452674045463E-18
0.76092506055892 -1.78400240164071 -9.90452674045463E-18
0.736576313432128 -1.75226695594736 -9.90452674045464E-18
0.712227566305336 -1.72053151025402 -9.90452674045463E-18
0.68787881917854 -1.68879606456067 -9.90452674045463E-18
0.663530072051744 -1.65706061886731 -9.90452674045463E-18
0.639181324924952 -1.62532517317397 -9.90452674045463E-18
0.61483257779816 -1.59358972748062 -9.90452674045463E-18
0.590483830671367 -1.56185428178727 -9.90452674045463E-18
0.566135083544575 -1.53011883609392 -9.90452674045463E-18
0.580590949847835 -1.56741532291806 -9.90452674045463E-18
0.598258310852939 -1.60330214995967 -9.90452674045463E-18
0.615925671858045 -1.6391889770013 -9.90452674045463E-18
0.633593032863151 -1.67507580404292 -9.90452674045463E-18
0.651260393868258 -1.71096263108454 -9.90452674045463E-18
0.668927754873364 -1.74684945812616 -9.90452674045463E-18
0.686595115878471 -1.78273628516779 -9.90452674045464E-18
0.704262476883575 -1.8186231122094 -9.90452674045463E-18
0.721929837888681 -1.85450993925103 -9.90452674045463E-18
0.739597198893785 -1.89039676629264 -9.90452674045463E-18
0.717520703205391 -1.92375285026724 -9.90452674045463E-18
0.69508677739861 -1.95686959788677 -9.90452674045463E-18
0.671280450778593 -1.98901394129057 -9.90452674045464E-18
0.644373539018741 -2.0186115442264 -9.90452674045463E-18
0.617466627258889 -2.04820914716224 -9.90452674045463E-18
0.577476782284613 -2.0491104234426 -9.90452674045463E-18
0.557415564859335 -2.014504823384 -9.90452674045463E-18
0.537354347434058 -1.97989922332539 -9.90452674045463E-18
0.517293130008786 -1.9452936232668 -9.90452674045463E-18
0.497231912583508 -1.9106880232082 -9.90452674045463E-18
0.477170695158231 -1.87608242314959 -9.90452674045463E-18
0.457109477732953 -1.84147682309099 -9.90452674045463E-18
0.437048260307675 -1.80687122303238 -9.90452674045463E-18
0.416987042882397 -1.77226562297378 -9.90452674045463E-18
0.396925825457119 -1.73766002291518 -9.90452674045463E-18
0.376864608031844 -1.70305442285658 -9.90452674045463E-18
0.35487804173638 -1.66963899374763 -9.90452674045463E-18
0.327863120785922 -1.64013994213506 -9.90452674045464E-18
0.300848199835472 -1.6106408905225 -9.90452674045463E-18
0.273833278885018 -1.58114183890994 -9.90452674045463E-18
0.246818357934565 -1.55164278729737 -9.90452674045463E-18
0.219803436984111 -1.52214373568481 -9.90452674045463E-18
0.192788516033653 -1.49264468407224 -9.90452674045463E-18
0.1657735950832 -1.46314563245967 -9.90452674045463E-18
0.138758674132746 -1.43364658084711 -9.90452674045463E-18
0.111743753182292 -1.40414752923454 -9.90452674045463E-18
0.133955511286565 -1.43741369525826 -9.90452674045463E-18
0.156286461021373 -1.47059996778082 -9.90452674045464E-18
0.178617410756177 -1.50378624030338 -9.90452674045463E-18
0.200948360490985 -1.53697251282594 -9.90452674045463E-18
0.223279310225792 -1.5701587853485 -9.90452674045463E-18
0.2456102599606 -1.60334505787106 -9.90452674045463E-18
0.267941209695407 -1.63653133039362 -9.90452674045463E-18
0.290272159430212 -1.66971760291618 -9.90452674045463E-18
0.312603109165019 -1.70290387543874 -9.90452674045463E-18
0.332699366308882 -1.73748913890179 -9.90452674045463E-18
0.351926226836056 -1.7725651682419 -9.90452674045463E-18
0.371153087363231 -1.80764119758202 -9.90452674045463E-18
0.390379947890405 -1.84271722692213 -9.90452674045463E-18
0.40960680841758 -1.87779325626225 -9.90452674045463E-18
0.428833668944755 -1.91286928560236 -9.90452674045463E-18
0.448060529471929 -1.94794531494248 -9.90452674045463E-18
0.467287389999104 -1.9830213442826 -9.90452674045463E-18
0.486514250526278 -2.01809737362271 -9.90452674045463E-18
0.505741111053453 -2.05317340296283 -9.90452674045463E-18
0.524967971580624 -2.08824943230294 -9.90452674045463E-18
0.505990329840115 -2.1234609235234 -9.90452674045463E-18
0.475418670499796 -2.1492557610918 -9.90452674045463E-18
0.44484701115948 -2.17505059866019 -9.90452674045463E-18
0.414275351819164 -2.20084543622858 -9.90452674045463E-18
0.383703692478847 -2.22664027379697 -9.90452674045463E-18
0.353132033138534 -2.25243511136536 -9.90452674045463E-18
0.326655144439664 -2.22245221015771 -9.90452674045463E-18
0.305980380478306 -2.18820963234672 -9.90452674045464E-18
0.285305616516948 -2.15396705453572 -9.90452674045463E-18
0.264630852555592 -2.11972447672472 -9.90452674045463E-18
0.243956088594237 -2.08548189891373 -9.90452674045463E-18
0.223281324632881 -2.05123932110273 -9.90452674045463E-18
0.202606560671523 -2.01699674329173 -9.90452674045463E-18
0.181931796710168 -1.98275416548074 -9.90452674045463E-18
0.191550195687018 -2.02158052767348 -9.90452674045463E-18
0.206622120855096 -2.05863234371167 -9.90452674045463E-18
0.221694046023173 -2.09568415974986 -9.90452674045463E-18
0.23676597119125 -2.13273597578805 -9.90452674045463E-18
0.251837896359327 -2.16978779182624 -9.90452674045463E-18
0.266909821527404 -2.20683960786443 -9.90452674045463E-18
0.281981746695481 -2.24389142390262 -9.90452674045463E-18
0.297053671863558 -2.28094323994081 -9.90452674045463E-18
0.263952956218244 -2.30340081380283 -9.90452674045463E-18
0.225762633688397 -2.31529616016459 -9.90452674045463E-18
0.187572311158549 -2.32719150652634 -9.90452674045463E-18
0.149381988628702 -2.3390868528881 -9.90452674045463E-18
0.116530033153528 -2.31626692691414 -9.90452674045463E-18
0.105146101616476 -2.27792105226301 -9.90452674045463E-18
0.0937621700794243 -2.23957517761189 -9.90452674045463E-18
0.0823782385423723 -2.20122930296077 -9.90452674045463E-18
0.0709943070053202 -2.16288342830964 -9.90452674045463E-18
0.0596103754682682 -2.12453755365852 -9.90452674045463E-18
0.0482264439312161 -2.0861916790074 -9.90452674045463E-18
0.0368425123941641 -2.04784580435628 -9.90452674045463E-18
0.025458580857112 -2.00949992970515 -9.90452674045463E-18
0.0270112267917159 -2.04946978447849 -9.90452674045463E-18
0.0330935141618743 -2.08900465238452 -9.90452674045463E-18
0.0391758015320318 -2.12853952029054 -9.90452674045463E-18
0.0452580889021902 -2.16807438819657 -9.90452674045463E-18
0.0513403762723477 -2.20760925610259 -9.90452674045463E-18
0.0574226636425053 -2.24714412400862 -9.90452674045463E-18
0.0635049510126636 -2.28667899191465 -9.90452674045463E-18
0.0695872383828212 -2.32621385982067 -9.90452674045463E-18
0.0404720147381046 -2.35364201601313 -9.90452674045463E-18
0.000505292614081485 -2.35527331079371 -9.90452674045463E-18
-0.0394614295099416 -2.35690460557428 -9.90452674045464E-18
-0.0720055686826921 -2.33364780000032 -9.90452674045463E-18
-0.0789226663987878 -2.29425041735648 -9.90452674045463E-18
-0.0858397641148836 -2.25485303471263 -9.90452674045464E-18
-0.0927568618309794 -2.21545565206878 -9.90452674045463E-18
-0.0996739595470752 -2.17605826942493 -9.90452674045463E-18
-0.106591057263171 -2.13666088678108 -9.90452674045463E-18
-0.113508154979268 -2.09726350413722 -9.90452674045463E-18
-0.120425252695364 -2.05786612149337 -9.90452674045463E-18
-0.12734235041146 -2.01846873884952 -9.90452674045463E-18
-0.132334506511192 -2.05815599596658 -9.90452674045464E-18
-0.131452368164511 -2.09814626768281 -9.90452674045463E-18
-0.130570229817829 -2.13813653939904 -9.90452674045463E-18
-0.129688091471148 -2.17812681111526 -9.90452674045463E-18
-0.128805953124466 -2.21811708283148 -9.90452674045463E-18
-0.127923814777785 -2.25810735454771 -9.90452674045463E-18
-0.127041676431103 -2.29809762626393 -9.90452674045463E-18
-0.126159538084422 -2.33808789798015 -9.90452674045463E-18
-0.149713062273271 -2.37041793816394 -9.90452674045463E-18
-0.189570194469147 -2.36704021509649 -9.90452674045463E-18
-0.229427326665024 -2.36366249202905 -9.90452674045463E-18
-0.2692844588609 -2.3602847689616 -9.90452674045463E-18
-0.294864501582199 -2.32953316063981 -9.90452674045463E-18
-0.293889181884011 -2.28954505301409 -9.90452674045463E-18
-0.292913862185823 -2.24955694538837 -9.90452674045463E-18
-0.291938542487634 -2.20956883776265 -9.90452674045463E-18
-0.290963222789446 -2.16958073013693 -9.90452674045463E-18
-0.289987903091258 -2.1295926225112 -9.90452674045463E-18
-0.289012583393069 -2.08960451488549 -9.90452674045463E-18
-0.288037263694881 -2.04961640725977 -9.90452674045463E-18
-0.287061943996693 -2.00962829963404 -9.90452674045463E-18
-0.296314714522135 -2.04854341543245 -9.90452674045463E-18
-0.304460373339007 -2.08770523666741 -9.90452674045463E-18
-0.312606032155879 -2.12686705790238 -9.90452674045463E-18
-0.320751690972751 -2.16602887913734 -9.90452674045463E-18
-0.328897349789623 -2.2051907003723 -9.90452674045463E-18
-0.337043008606495 -2.24435252160726 -9.90452674045463E-18
-0.345188667423367 -2.28351434284222 -9.90452674045463E-18
-0.353334326240239 -2.32267616407718 -9.90452674045463E-18
-0.361479985057111 -2.36183798531215 -9.90452674045463E-18
-0.400727847365767 -2.35411753816184 -9.90452674045463E-18
-0.439533547371581 -2.34441611316038 -9.90452674045463E-18
-0.478339247377395 -2.33471468815893 -9.90452674045463E-18
-0.483729140672659 -2.29507948852192 -9.90452674045463E-18
-0.478309497238007 -2.25544834590603 -9.90452674045463E-18
-0.472889853803355 -2.21581720329013 -9.90452674045463E-18
-0.467470210368704 -2.17618606067424 -9.90452674045463E-18
-0.462050566934051 -2.13655491805835 -9.90452674045463E-18
-0.4566309234994 -2.09692377544246 -9.90452674045463E-18
-0.451211280064748 -2.05729263282657 -9.90452674045463E-18
-0.445791636630097 -2.01766149021068 -9.90452674045464E-18
-0.460114583648884 -2.05500922359166 -9.90452674045463E-18
-0.471236906710528 -2.09343179416825 -9.90452674045463E-18
-0.482359229772171 -2.13185436474483 -9.90452674045463E-18
-0.493481552833812 -2.17027693532142 -9.90452674045463E-18
-0.504603875895454 -2.208699505898 -9.90452674045463E-18
-0.515726198957096 -2.24712207647458 -9.90452674045463E-18
-0.526848522018738 -2.28554464705116 -9.90452674045464E-18
-0.562884764688703 -2.30290521196799 -9.90452674045463E-18
-0.593820448887114 -2.27754809377257 -9.90452674045463E-18
-0.624756133085519 -2.25219097557715 -9.90452674045463E-18
-0.655691817283925 -2.22683385738174 -9.90452674045463E-18
-0.686627501482333 -2.20147673918632 -9.90452674045463E-18
-0.710339164577274 -2.16926250268642 -9.90452674045463E-18
-0.697413410445613 -2.13140850844369 -9.90452674045463E-18
-0.684487656313952 -2.09355451420097 -9.90452674045464E-18
-0.670941040254487 -2.05591823923469 -9.90452674045463E-18
-0.653682820362327 -2.01983287036927 -9.90452674045463E-18
-0.636424600470166 -1.98374750150384 -9.90452674045463E-18
-0.619166380578007 -1.94766213263841 -9.90452674045463E-18
-0.601908160685846 -1.91157676377299 -9.90452674045463E-18
-0.584649940793685 -1.87549139490756 -9.90452674045463E-18
-0.567391720901526 -1.83940602604214 -9.90452674045463E-18
-0.550133501009365 -1.80332065717671 -9.90452674045463E-18
-0.535188641514134 -1.76621740698663 -9.90452674045463E-18
-0.520876273820341 -1.72886561812722 -9.90452674045464E-18
-0.506563906126549 -1.69151382926781 -9.90452674045463E-18
-0.492251538432758 -1.6541620404084 -9.90452674045463E-18
-0.477939170738966 -1.61681025154899 -9.90452674045463E-18
-0.463626803045175 -1.57945846268959 -9.90452674045463E-18
-0.449314435351383 -1.54210667383018 -9.90452674045463E-18
-0.43500206765759 -1.50475488497077 -9.90452674045463E-18
-0.459729592410993 -1.53619609231988 -9.90452674045463E-18
-0.481322887806269 -1.56986699361421 -9.90452674045463E-18
-0.502916183201545 -1.60353789490854 -9.90452674045463E-18
-0.524509478596821 -1.63720879620287 -9.90452674045463E-18
-0.546102773992097 -1.6708796974972 -9.90452674045463E-18
-0.567696069387372 -1.70455059879152 -9.90452674045463E-18
-0.589289364782648 -1.73822150008585 -9.90452674045463E-18
-0.61040143552821 -1.77219620345225 -9.90452674045463E-18
-0.631160560897882 -1.80638770406112 -9.90452674045463E-18
-0.651919686267555 -1.84057920466999 -9.90452674045463E-18
-0.672678811637227 -1.87477070527887 -9.90452674045463E-18
-0.6934379370069 -1.90896220588774 -9.90452674045463E-18
-0.714197062376572 -1.94315370649661 -9.90452674045463E-18
-0.734956187746245 -1.97734520710548 -9.90452674045463E-18
-0.754460567813745 -2.01226768064592 -9.90452674045463E-18
-0.772651654075692 -2.04789189124223 -9.90452674045463E-18
-0.790842740337639 -2.08351610183855 -9.90452674045463E-18
-0.809033826599586 -2.11914031243486 -9.90452674045463E-18
-0.84232360385489 -2.09696395722729 -9.90452674045463E-18
-0.867888335486628 -2.06619961916198 -9.90452674045463E-18
-0.893453067118371 -2.03543528109666 -9.90452674045463E-18
-0.919017798750114 -2.00467094303134 -9.90452674045463E-18
-0.944582530381856 -1.97390660496602 -9.90452674045463E-18
-0.970147262013599 -1.94314226690071 -9.90452674045463E-18
-0.972100862670191 -1.90319000232816 8.36290888823564E-19
-0.952221259657786 -1.86847975335082 1.75848536134503E-17
-0.932341656645382 -1.83376950437348 3.4333416338077E-17
-0.912462053632978 -1.79905925539613 5.10819790627038E-17
-0.892582450620574 -1.76434900641879 6.78305417873305E-17
-0.872702847608169 -1.72963875744145 8.45791045119572E-17
-0.852823244595765 -1.6949285084641 1.01327667236584E-16
-0.832943641583361 -1.66021825948676 1.18076229961211E-16
-0.813064038570956 -1.62550801050942 1.34824792685837E-16
-0.841803872199314 -1.65332926071522 1.36682469018274E-16
-0.869758155565673 -1.68193971407537 1.36682469018274E-16
-0.897712438932032 -1.71055016743551 1.36682469018274E-16
-0.925666722298392 -1.73916062079566 1.36682469018274E-16
-0.953621005664751 -1.7677710741558 1.36682469018274E-16
-0.98157528903111 -1.79638152751595 1.36682469018274E-16
-1.00952957239747 -1.82499198087609 1.36682469018274E-16
-1.02902439547427 -1.79006417142282 1.36682469018274E-16
-1.0391345009251 -1.75136293413286 1.36682469018274E-16
-1.04924460637593 -1.71266169684291 1.36682469018274E-16
-1.05291133939915 -1.67283011303136 1.36682469018274E-16
-1.05402978304922 -1.63284575254127 1.36682469018274E-16
-1.05514822669929 -1.59286139205118 1.36682469018274E-16
-1.05523865499558 -1.55286149426727 1.28791911048886E-16
-1.04832566061226 -1.51346339141121 6.72982712700788E-17
-1.04141266622895 -1.47406528855516 5.80463149127167E-18
-1.03752198078823 -1.43425495614256 -9.90452674045463E-18
-1.03467209878872 -1.39435660814933 -9.90452674045463E-18
-1.02512065645248 -1.35551372013495 -9.90452674045463E-18
-1.013075401735 -1.31737041352959 -9.90452674045463E-18
-1.00103014701751 -1.27922710692422 -9.90452674045463E-18
-0.973451149440434 -1.25025472537483 -9.90452674045463E-18
-0.943811671382995 -1.22339394838527 -9.90452674045463E-18
-0.914172193325556 -1.19653317139572 -9.90452674045463E-18
-0.877608481128417 -1.18031296947451 3.45603338089382E-17
-0.839627082019939 -1.16776652289539 9.20592999212745E-17
-0.800618002779812 -1.15891826109787 1.15076988797241E-16
-0.760790674194 -1.16263092829516 2.48117552417999E-17
-0.722370477448828 -1.17376144859128 2.36146638550064E-17
-0.685490950031774 -1.18925016892236 7.71228416084959E-17
-0.648611422614718 -1.20473888925345 1.3063101936199E-16
-0.623411982617093 -1.23580314884235 1.36682469018274E-16
-0.601581184956444 -1.26932055138938 1.35397172469797E-16
-0.613843109632844 -1.30739475792387 1.12425109973058E-16
-0.626105034309241 -1.34546896445835 8.94530474763228E-17
-0.638366958985639 -1.38354317099282 6.64809849795876E-17
-0.650628883662036 -1.4216173775273 4.35089224828524E-17
-0.662890808338434 -1.45969158406178 2.05368599861172E-17
-0.675152733014834 -1.49776579059627 -2.43520251062215E-18
-0.689643551938804 -1.53504871117544 9.72935504047997E-18
-0.705188877367673 -1.57190441436111 3.87867304217681E-17
-0.720734202796542 -1.60876011754679 6.78441058030563E-17
-0.736279528225411 -1.64561582073246 9.69014811843444E-17
-0.75182485365428 -1.68247152391814 1.25958856565633E-16
-0.731974806772522 -1.64774436395951 1.15771221790851E-16
-0.713258590518917 -1.61239322184009 1.00475221093645E-16
-0.694542374265311 -1.57704207972066 8.51792203964394E-17
-0.675826158011706 -1.54169093760124 6.98832196992337E-17
-0.657109941758101 -1.50633979548181 5.45872190020279E-17
-0.638393725504495 -1.47098865336239 3.92912183048221E-17
-0.61967750925089 -1.43563751124297 2.39952176076164E-17
-0.600961292997285 -1.40028636912354 8.6992169104106E-18
-0.582245076743674 -1.36493522700411 -6.59678378679934E-18
-0.571575008846804 -1.32638461545155 -9.90452674045463E-18
-0.563193845297569 -1.28727251888845 -9.90452674045463E-18
-0.554812681748334 -1.24816042232536 -9.90452674045463E-18
-0.546431518199099 -1.20904832576226 -9.90452674045463E-18
-0.570600357213771 -1.17717565375813 -9.90452674045463E-18
-0.603540661254183 -1.15448344430807 -9.90452674045463E-18
-0.636480965294591 -1.13179123485801 -9.90452674045463E-18
-0.669421269334998 -1.10909902540795 -9.90452674045463E-18
-0.702836508616033 -1.08711217061261 -9.90452674045463E-18
-0.736315293174974 -1.06522219609331 -9.90452674045463E-18
-0.752317053113258 -1.028562358684 -9.90452674045463E-18
-0.757768358910563 -0.988935558849739 -9.90452674045463E-18
-0.763219664707868 -0.949308759015483 -9.90452674045463E-18
-0.768670970505173 -0.909681959181227 -9.90452674045463E-18
-0.774122276302478 -0.870055159346971 -9.90452674045463E-18
-0.779573582099783 -0.830428359512715 -9.90452674045463E-18
-0.785024887897088 -0.790801559678459 -9.90452674045463E-18
-0.790476193694394 -0.751174759844204 -9.90452674045463E-18
-0.795927499491699 -0.711547960009948 -9.90452674045463E-18
-0.801378805289004 -0.671921160175692 -9.90452674045463E-18
-0.806830111086309 -0.632294360341436 -9.90452674045463E-18
-0.812281416883614 -0.59266756050718 -9.90452674045463E-18
-0.817732722680919 -0.553040760672924 -9.90452674045463E-18
-0.823184028478224 -0.513413960838668 -9.90452674045463E-18
-0.837943988417137 -0.550591152537366 -9.90452674045463E-18
-0.852183801520815 -0.587970661934522 -9.90452674045463E-18
-0.866423614624494 -0.625350171331678 -9.90452674045463E-18
-0.880663427728172 -0.662729680728834 -9.90452674045463E-18
-0.894903240831851 -0.70010919012599 -9.90452674045463E-18
-0.909143053935529 -0.737488699523146 -9.90452674045463E-18
-0.923382867039208 -0.774868208920302 -9.90452674045463E-18
-0.937622680142886 -0.812247718317458 -9.90452674045463E-18
-0.951862493246565 -0.849627227714614 -9.90452674045463E-18
-0.966102306350243 -0.88700673711177 -9.90452674045463E-18
-0.980342119453927 -0.92438624650894 -9.90452674045463E-18
-0.994581932557606 -0.961765755906096 -9.90452674045463E-18
-1.01913529487884 -0.993343159198986 -9.90452674045463E-18
-1.05737583874383 -0.981610265058592 -9.90452674045463E-18
-1.09561638260882 -0.969877370918198 -9.90452674045463E-18
-1.13385692647381 -0.958144476777804 -9.90452674045463E-18
-1.1720974703388 -0.946411582637408 -9.90452674045463E-18
-1.21033801420379 -0.934678688497014 -9.90452674045463E-18
-1.24857855806879 -0.922945794356617 -9.90452674045463E-18
-1.25375417821169 -0.883282045717132 -9.90452674045463E-18
-1.24502833966341 -0.84424539958009 -9.90452674045463E-18
-1.23630250111513 -0.805208753443048 -9.90452674045463E-18
-1.22757666256685 -0.766172107306006 -9.90452674045463E-18
-1.21885082401857 -0.727135461168964 -9.90452674045463E-18
-1.21012498547029 -0.688098815031922 -9.90452674045463E-18
-1.20139914692201 -0.649062168894866 -9.90452674045463E-18
-1.19267330837373 -0.61002552275781 -9.90452674045463E-18
-1.18394746982545 -0.570988876620768 -9.90452674045464E-18
-1.17522163127717 -0.531952230483726 -9.90452674045464E-18
-1.16649579272889 -0.492915584346684 -9.90452674045463E-18
-1.1577699541806 -0.453878938209628 -9.90452674045463E-18
-1.18089541794025 -0.486516538089236 -9.90452674045463E-18
-1.1986970717322 -0.522336939012058 -9.90452674045463E-18
-1.21649872552414 -0.558157339934881 -9.90452674045463E-18
-1.23430037931609 -0.593977740857703 -9.90452674045463E-18
-1.25210203310804 -0.629798141780525 -9.90452674045463E-18
-1.26990368689999 -0.665618542703347 -9.90452674045463E-18
-1.28770534069194 -0.701438943626169 -9.90452674045463E-18
-1.30550699448389 -0.737259344548992 -9.90452674045463E-18
-1.32330864827583 -0.773079745471814 -9.90452674045463E-18
-1.34111030206778 -0.808900146394636 -9.90452674045463E-18
-1.35891195585973 -0.844720547317458 -9.90452674045463E-18
-1.37671360965168 -0.880540948240281 -9.90452674045463E-18
-1.40787007163926 -0.905626300069917 -9.90452674045464E-18
-1.44780104656625 -0.907975180947976 -9.90452674045463E-18
-1.48773202149326 -0.910324061826035 -9.90452674045463E-18
-1.52766299642026 -0.912672942704094 -9.90452674045463E-18
-1.56759397134725 -0.915021823582152 -9.90452674045463E-18
-1.60752494627425 -0.917370704460212 -9.90452674045463E-18
-1.6126180089389 -0.877696270466847 -9.90452674045463E-18
-1.59436065130091 -0.842105978362406 -9.90452674045463E-18
-1.57610329366292 -0.806515686257978 -9.90452674045463E-18
-1.55784593602494 -0.77092539415355 -9.90452674045463E-18
-1.53958857838695 -0.735335102049121 -9.90452674045463E-18
-1.52133122074896 -0.699744809944693 -9.90452674045463E-18
-1.50307386311098 -0.664154517840265 -9.90452674045463E-18
-1.48481650547299 -0.628564225735837 -9.90452674045463E-18
-1.46655914783501 -0.592973933631408 -9.90452674045463E-18
-1.44830179019702 -0.55738364152698 -9.90452674045463E-18
-1.43004443255903 -0.521793349422539 -9.90452674045463E-18
-1.41178707492104 -0.486203057318111 -9.90452674045463E-18
-1.40138986835422 -0.447577960611342 -9.90452674045463E-18
-1.39481390886201 -0.408122203658053 -9.90452674045463E-18
-1.38823794936979 -0.368666446704768 -9.90452674045463E-18
-1.38166198987758 -0.329210689751483 -9.90452674045463E-18
-1.41056630717432 -0.356861014190972 -9.90452674045463E-18
-1.43133010332027 -0.391049678534732 -9.90452674045463E-18
-1.45209389946622 -0.425238342878493 -9.90452674045463E-18
-1.47285769561216 -0.459427007222238 -9.90452674045463E-18
-1.49362149175811 -0.493615671565998 -9.90452674045463E-18
-1.51438528790405 -0.527804335909743 -9.90452674045463E-18
-1.53514908404999 -0.561993000253488 -9.90452674045463E-18
-1.55591288019594 -0.596181664597249 -9.90452674045463E-18
-1.57667667634189 -0.630370328941009 -9.90452674045463E-18
-1.59744047248783 -0.664558993284754 -9.90452674045463E-18
-1.61820426863377 -0.698747657628515 -9.90452674045464E-18
-1.63896806477971 -0.73293632197226 -9.90452674045464E-18
-1.65973186092566 -0.76712498631602 -9.90452674045463E-18
-1.68049565707161 -0.801313650659781 -9.90452674045463E-18
-1.70125945321755 -0.835502315003526 -9.90452674045463E-18
-1.74122914078189 -0.833945370557135 -9.90452674045463E-18
-1.77507845438548 -0.81263283976969 -9.90452674045463E-18
-1.7731902249811 -0.772677432254354 -9.90452674045463E-18
-1.75450538365728 -0.737309696891407 -9.90452674045463E-18
-1.73582054233345 -0.701941961528447 -9.90452674045464E-18
-1.71713570100963 -0.6665742261655 -9.90452674045463E-18
-1.69845085968581 -0.631206490802553 -9.90452674045463E-18
-1.67976601836199 -0.595838755439606 -9.90452674045463E-18
-1.66108117703817 -0.560471020076659 -9.90452674045463E-18
-1.64239633571434 -0.525103284713699 -9.90452674045463E-18
-1.62371149439052 -0.489735549350752 -9.90452674045463E-18
-1.6050266530667 -0.454367813987805 -9.90452674045463E-18
-1.58634181174288 -0.419000078624858 -9.90452674045463E-18
-1.56765697041906 -0.383632343261911 -9.90452674045463E-18
-1.54897212909523 -0.348264607898964 -9.90452674045463E-18
-1.58068442695093 -0.37264349558301 4.0183976883709E-17
-1.61150977124948 -0.39813463421737 8.63507025427224E-17
-1.64233511554803 -0.423625772851729 1.32517428201736E-16
-1.66153553078157 -0.458716285171429 1.23855785791029E-16
-1.67944505691483 -0.494482873961558 1.09865058438576E-16
-1.69735458304809 -0.530249462751687 9.58743310861228E-17
-1.71526410918135 -0.566016051541817 8.18836037336698E-17
-1.73317363531462 -0.601782640331946 6.78928763812169E-17
-1.75108316144788 -0.637549229122075 5.39021490287639E-17
-1.76899268758114 -0.673315817912205 3.9911421676311E-17
-1.7869022137144 -0.709082406702334 2.5920694323858E-17
-1.80481173984767 -0.744848995492464 1.19299669714051E-17
-1.82272126598093 -0.780615584282593 -2.0607603810479E-18
-1.85733209598286 -0.800667777344133 -9.90452674045463E-18
-1.89733209598286 -0.800667777344133 -9.90452674045463E-18
-1.93733209598286 -0.800667777344133 -9.90452674045463E-18
-1.97733209598286 -0.800667777344133 -9.90452674045463E-18
-2.01733209598286 -0.800667777344133 -9.90452674045463E-18
-2.05733209598286 -0.800667777344133 -9.90452674045463E-18
-2.06452403839737 -0.761319639341089 -9.90452674045463E-18
-2.04497990364009 -0.726419398703087 -9.90452674045463E-18
-2.02543576888282 -0.691519158065103 -9.90452674045463E-18
-2.00589163412554 -0.656618917427101 -9.90452674045463E-18
-1.98634749936826 -0.621718676789098 -9.90452674045463E-18
-1.96680336461099 -0.586818436151115 -9.90452674045463E-18
-1.94725922985372 -0.551918195513131 -9.90452674045463E-18
-1.92771509509644 -0.517017954875147 -9.90452674045463E-18
-1.90817096033917 -0.482117714237163 -9.90452674045463E-18
-1.8886268255819 -0.447217473599179 -9.90452674045463E-18
-1.86908269082463 -0.412317232961195 -9.90452674045463E-18
-1.84953855606736 -0.377416992323211 -9.90452674045463E-18
-1.82999442131009 -0.342516751685227 -9.90452674045463E-18
-1.81045028655282 -0.307616511047243 -9.90452674045463E-18
-1.79090615179555 -0.272716270409259 -9.90452674045463E-18
-1.77136201703828 -0.237816029771276 -9.90452674045463E-18
-1.75181788228101 -0.202915789133292 -9.90452674045463E-18
-1.73227374752373 -0.168015548495308 -9.90452674045463E-18
-1.76255409504317 -0.194151740913146 -9.90452674045463E-18
-1.78977878949458 -0.223457303730265 -9.90452674045464E-18
-1.81700348394597 -0.252762866547369 -9.90452674045463E-18
-1.84422817839738 -0.282068429364488 -9.90452674045463E-18
-1.87145287284878 -0.311373992181607 -9.90452674045463E-18
-1.89867756730019 -0.340679554998726 -9.90452674045463E-18
-1.92590226175158 -0.36998511781583 -9.90452674045463E-18
-1.95312695620297 -0.399290680632935 -9.90452674045463E-18
-1.98035165065438 -0.428596243450054 -9.90452674045463E-18
-2.00757634510579 -0.457901806267173 -9.90452674045463E-18
-2.03480103955719 -0.487207369084291 -9.90452674045463E-18
-2.0620257340086 -0.51651293190141 -9.90452674045463E-18
-2.08925042846001 -0.545818494718529 -9.90452674045463E-18
-2.11647512291141 -0.575124057535648 -9.90452674045463E-18
-2.1436998173628 -0.604429620352752 -9.90452674045463E-18
-2.17092451181421 -0.633735183169871 -9.90452674045463E-18
-2.19103138134511 -0.59915608836293 -9.90452674045463E-18
-2.20512958094312 -0.561722937706134 -9.90452674045463E-18
-2.21922778054114 -0.524289787049337 -9.90452674045463E-18
-2.23332598013915 -0.486856636392541 -9.90452674045463E-18
-2.24742417973717 -0.449423485735745 -9.90452674045463E-18
-2.25369193059526 -0.409917596311755 -9.90452674045463E-18
-2.22825052864956 -0.379051189539397 -9.90452674045463E-18
-2.20280912670386 -0.348184782767039 -9.90452674045463E-18
-2.17736772475815 -0.317318375994667 -9.90452674045463E-18
-2.15192632281244 -0.286451969222309 -9.90452674045463E-18
-2.12648492086673 -0.255585562449938 -9.90452674045463E-18
-2.10104351892103 -0.22471915567758 -9.90452674045463E-18
-2.07560211697532 -0.193852748905208 -9.90452674045463E-18
-2.05016071502961 -0.162986342132837 -9.90452674045463E-18
-2.0247193130839 -0.132119935360465 -9.90452674045463E-18
-1.99927791113818 -0.101253528588094 -9.90452674045463E-18
-1.97383650919247 -0.0703871218157224 -9.90452674045463E-18
-1.94839510724676 -0.0395207150433509 -9.90452674045463E-18
-1.92295370530105 -0.00865430827097942 -9.90452674045463E-18
-1.89751230335535 0.0222120985013785 -9.90452674045463E-18
-1.87207090140964 0.0530785052737365 -9.90452674045463E-18
-1.90619327858824 0.0322059545029059 -9.90452674045463E-18
-1.93920074913684 0.00961155502023538 -9.90452674045464E-18
-1.97220821968545 -0.0129828444624446 -9.90452674045463E-18
-2.00521569023406 -0.0355772439451245 -9.90452674045463E-18
-2.03822316078266 -0.058171643427795 -9.90452674045463E-18
-2.07123063133127 -0.080766042910475 -9.90452674045463E-18
-2.10423810187988 -0.103360442393155 -9.90452674045463E-18
-2.13724557242849 -0.125954841875835 -9.90452674045463E-18
-2.1702530429771 -0.148549241358515 -9.90452674045463E-18
-2.20326051352571 -0.171143640841195 -9.90452674045463E-18
-2.23626798407432 -0.193738040323875 -9.90452674045464E-18
-2.26927545462293 -0.216332439806555 -9.90452674045463E-18
-2.30228292517154 -0.238926839289235 -9.90452674045463E-18
-2.33529039572015 -0.261521238771914 -9.90452674045463E-18
-2.3573586376104 -0.228159693545809 -9.90452674045463E-18
-2.36221141480901 -0.188455152829906 -9.90452674045463E-18
-2.36706419200762 -0.148750612114003 -9.90452674045463E-18
-2.37191696920623 -0.1090460713981 -9.90452674045463E-18
-2.37676974640484 -0.0693415306822041 -9.90452674045464E-18
-2.38162252360345 -0.0296369899663011 -9.90452674045463E-18
-2.36168785511725 0.00504166329970913 -9.90452674045463E-18
-2.33101966306569 0.0307216554392741 -9.90452674045463E-18
-2.30035147101411 0.0564016475788505 -9.90452674045463E-18
-2.26968327896254 0.0820816397184155 -9.90452674045463E-18
-2.23901508691097 0.107761631857981 -9.90452674045463E-18
-2.2083468948594 0.133441623997546 -9.90452674045463E-18
-2.17767870280784 0.159121616137111 -9.90452674045463E-18
-2.14701051075627 0.184801608276676 -9.90452674045463E-18
-2.1163423187047 0.210481600416241 -9.90452674045463E-18
-2.08567412665314 0.236161592555806 -9.90452674045463E-18
-2.05500593460157 0.261841584695371 -9.90452674045463E-18
-2.02433774255 0.287521576834936 -9.90452674045463E-18
-1.99366955049844 0.313201568974501 -9.90452674045463E-18
-1.96300135844687 0.338881561114066 -9.90452674045463E-18
-1.9323331663953 0.364561553253631 -9.90452674045463E-18
-1.96742782680518 0.345368720979201 -9.90452674045463E-18
-2.00059071195821 0.323003054248089 -9.90452674045463E-18
-2.03375359711124 0.300637387516978 -9.90452674045464E-18
-2.06691648226427 0.278271720785866 -9.90452674045463E-18
-2.10007936741731 0.255906054054745 -9.90452674045463E-18
-2.13324225257033 0.233540387323634 -9.90452674045463E-18
-2.16640513772336 0.211174720592523 -9.90452674045463E-18
-2.19956802287639 0.188809053861411 -9.90452674045463E-18
-2.23273090802942 0.1664433871303 -9.90452674045463E-18
-2.26589379318244 0.144077720399188 -9.90452674045463E-18
-2.29905667833547 0.121712053668077 -9.90452674045463E-18
-2.3322195634885 0.0993463869369652 -9.90452674045463E-18
-2.36538244864153 0.0769807202058538 -9.90452674045463E-18
-2.39854533379455 0.0546150534747423 -9.90452674045463E-18
-2.39595311107682 0.0945309698663453 -9.90452674045463E-18
-2.39120068812145 0.134247647421912 -9.90452674045463E-18
-2.38644826516608 0.173964324977488 -9.90452674045463E-18
-2.38169584221071 0.213681002533064 -9.90452674045463E-18
-2.37694341925534 0.25339768008864 -9.90452674045463E-18
-2.37219099629998 0.293114357644206 -9.90452674045463E-18
-2.36743857334461 0.332831035199773 -9.90452674045463E-18
-2.36268615038924 0.372547712755339 -9.90452674045463E-18
-2.33842553062975 0.4043505794325 -9.90452674045463E-18
-2.3045600686613 0.425637441241233 -9.90452674045463E-18
-2.27069460669286 0.446924303049967 -9.90452674045464E-18
-2.23682914472442 0.468211164858701 -9.90452674045463E-18
-2.20296368275598 0.489498026667435 -9.90452674045463E-18
-2.16909822078754 0.510784888476168 -9.90452674045463E-18
-2.1352327588191 0.532071750284902 -9.90452674045463E-18
-2.10136729685066 0.553358612093636 -9.90452674045463E-18
-2.06750183488222 0.57464547390237 -9.90452674045463E-18
-2.03363637291378 0.595932335711103 -9.90452674045463E-18
-1.99977091094534 0.617219197519837 -9.90452674045463E-18
-1.9659054489769 0.638506059328571 -9.90452674045463E-18
-2.00301506802413 0.623577021376651 -9.90452674045463E-18
-2.03953322377704 0.607254512365884 -9.90452674045463E-18
-2.07605137952994 0.590932003355117 -9.90452674045463E-18
-2.11256953528285 0.574609494344345 -9.90452674045463E-18
-2.14908769103575 0.558286985333578 -9.90452674045463E-18
-2.18560584678867 0.541964476322806 -9.90452674045463E-18
-2.22212400254157 0.525641967312039 -9.90452674045463E-18
-2.25864215829447 0.509319458301272 -9.90452674045463E-18
-2.29516031404739 0.4929969492905 -9.90452674045463E-18
-2.33167846980029 0.476674440279733 -9.90452674045463E-18
-2.31311971578008 0.512108500860164 -9.90452674045463E-18
-2.29154682918627 0.545792481682071 -9.90452674045463E-18
-2.26997394259246 0.579476462503985 -9.90452674045463E-18
-2.24840105599865 0.6131604433259 -9.90452674045463E-18
-2.22682816940484 0.646844424147814 -9.90452674045463E-18
-2.20525528281103 0.680528404969728 -9.90452674045464E-18
-2.18368239621722 0.714212385791643 -9.90452674045463E-18
-2.15936531959155 0.745972105317811 -9.90452674045463E-18
-2.13257456878044 0.775674894260555 -9.90452674045463E-18
-2.10578381796934 0.805377683203303 -9.90452674045463E-18
-2.07899306715823 0.835080472146051 -9.90452674045463E-18
-2.05220231634713 0.864783261088796 -9.90452674045463E-18
-2.08568829963319 0.84290430034187 -9.90452674045463E-18
-2.11735191247212 0.818462213238137 -9.90452674045463E-18
-2.14901552531104 0.794020126134404 -9.90452674045463E-18
-2.18067913814997 0.76957803903067 -9.90452674045463E-18
-2.21151668140547 0.744101659265003 -9.90452674045463E-18
-2.23950480641566 0.715524310570385 -9.90452674045464E-18
-2.26749293142585 0.686946961875766 -9.90452674045463E-18
-2.29548105643605 0.658369613181148 -9.90452674045463E-18
-2.32346918144624 0.629792264486529 -9.90452674045463E-18
-2.35145730645643 0.601214915791911 -9.90452674045463E-18
-2.37944543146663 0.572637567097293 -9.90452674045463E-18
-2.40743355647682 0.544060218402674 -9.90452674045463E-18
-2.43542168148701 0.515482869708056 -9.90452674045463E-18
-2.46340980649721 0.486905521013437 -9.90452674045463E-18
-2.46623470176739 0.526805645909396 -9.90452674045464E-18
-2.45742426691001 0.565823285992107 -9.90452674045463E-18
-2.44861383205262 0.604840926074818 -9.90452674045463E-18
-2.43980339719523 0.643858566157529 -9.90452674045463E-18
-2.43099296233785 0.682876206240232 -9.90452674045463E-18
-2.42218252748046 0.721893846322944 -9.90452674045463E-18
-2.40927727800504 0.75975483595577 -9.90452674045463E-18
-2.3931677334344 0.796367437252679 -9.90452674045463E-18
-2.37705818886376 0.832980038549592 -9.90452674045463E-18
-2.36094864429312 0.869592639846501 -9.90452674045463E-18
-2.33669203943655 0.901398568866612 -9.90452674045463E-18
-2.30816706415601 0.929440069989854 -9.90452674045463E-18
-2.27964208887548 0.957481571113092 -9.90452674045463E-18
-2.25111711359494 0.985523072236329 -9.90452674045463E-18
-2.2225921383144 1.01356457335957 -9.90452674045463E-18
-2.19406716303386 1.04160607448281 -9.90452674045463E-18
-2.22945271792103 1.02295500198478 -9.90452674045463E-18
-2.26340026132965 1.00179928652724 -9.90452674045463E-18
-2.29734780473826 0.980643571069698 -9.90452674045463E-18
-2.33129534814687 0.959487855612156 -9.90452674045463E-18
-2.36524289155549 0.938332140154615 -9.90452674045463E-18
-2.39488613785228 0.91147552180852 -9.90452674045463E-18
-2.41850178873827 0.879190834521345 -9.90452674045463E-18
-2.44211743962426 0.846906147234161 -9.90452674045463E-18
-2.46573309051026 0.814621459946978 -9.90452674045463E-18
-2.48934874139625 0.782336772659794 -9.90452674045463E-18
-2.51296439228225 0.75005208537261 -9.90452674045463E-18
-2.53658004316824 0.717767398085435 -9.90452674045463E-18
-2.56019569405423 0.685482710798261 -9.90452674045463E-18
-2.58381134494022 0.653198023511086 -9.90452674045463E-18
-2.60742699582621 0.620913336223911 -9.90452674045463E-18
-2.63035117050674 0.588134040697354 -9.90452674045463E-18
-2.65313178037591 0.55525480995835 -9.90452674045463E-18
-2.67591239024508 0.522375579219346 -9.90452674045463E-18
-2.69869300011424 0.489496348480341 -9.90452674045463E-18
-2.72147360998342 0.456617117741326 -9.90452674045463E-18
-2.74425421985259 0.423737887002321 -9.90452674045463E-18
-2.76703482972175 0.390858656263317 -9.90452674045463E-18
-2.78981543959092 0.357979425524313 -9.90452674045463E-18
-2.81259604946009 0.325100194785308 -9.90452674045464E-18
-2.83537665932925 0.292220964046304 -9.90452674045463E-18
-2.85815726919842 0.2593417333073 -9.90452674045463E-18
-2.88093787906759 0.226462502568295 -9.90452674045463E-18
-2.88355869237362 0.266376551944612 -9.90452674045463E-18
-2.87802113426697 0.305991390707573 -9.90452674045463E-18
-2.87248357616032 0.345606229470533 -9.90452674045463E-18
-2.86694601805367 0.385221068233494 -9.90452674045463E-18
-2.86140845994702 0.424835906996455 -9.90452674045463E-18
-2.85587090184037 0.464450745759416 -9.90452674045463E-18
-2.84456569435019 0.502819903733034 -9.90452674045463E-18
-2.82975824974789 0.539978208112405 -9.90452674045463E-18
-2.81495080514558 0.577136512491777 -9.90452674045463E-18
-2.80014336054328 0.614294816871149 -9.90452674045463E-18
-2.78533591594097 0.65145312125052 -9.90452674045463E-18
-2.77052847133866 0.688611425629892 -9.90452674045463E-18
-2.75572102673636 0.725769730009263 -9.90452674045463E-18
-2.74091358213405 0.762928034388635 -9.90452674045464E-18
-2.72610613753175 0.800086338768007 -9.90452674045463E-18
-2.71129869292944 0.837244643147367 -9.90452674045463E-18
-2.69586309529632 0.874146436135081 -9.90452674045463E-18
-2.67894767668307 0.910393761734892 -9.90452674045463E-18
-2.66203225806983 0.946641087334702 -9.90452674045463E-18
-2.68815844958815 0.916352110515599 -9.90452674045463E-18
-2.7135867397026 0.885474901090917 -9.90452674045464E-18
-2.73901502981704 0.854597691666234 -9.90452674045463E-18
-2.76444331993149 0.823720482241551 -9.90452674045463E-18
-2.78987161004593 0.792843272816869 -9.90452674045463E-18
-2.81529990016038 0.761966063392186 -9.90452674045463E-18
-2.84072819027482 0.731088853967503 -9.90452674045463E-18
-2.86615648038927 0.70021164454282 -9.90452674045463E-18
-2.89158477050371 0.669334435118138 -9.90452674045463E-18
-2.91426314772905 0.63638460649301 -9.90452674045464E-18
-2.93468469789526 0.601990416739387 -9.90452674045463E-18
-2.95510624806148 0.567596226985764 -9.90452674045463E-18
-2.9755277982277 0.53320203723213 -9.90452674045463E-18
-2.99594934839392 0.498807847478497 -9.90452674045463E-18
-3.01637089856013 0.464413657724874 -9.90452674045463E-18
-3.03679244872634 0.430019467971251 -9.90452674045463E-18
-3.05721399889256 0.395625278217617 -9.90452674045463E-18
-3.07763554905878 0.361231088463984 -9.90452674045463E-18
-3.098057099225 0.32683689871035 -9.90452674045463E-18
-3.11847864939122 0.292442708956717 -9.90452674045463E-18
-3.15653191288951 0.28011594388515 -9.90452674045463E-18
-3.19584299144862 0.27272411714754 -9.90452674045464E-18
-3.23515407000774 0.265332290409928 -9.90452674045463E-18
-3.27446514856685 0.257940463672316 -9.90452674045463E-18
-3.31377622712597 0.250548636934704 -9.90452674045463E-18
-3.35308730568509 0.243156810197092 -9.90452674045463E-18
-3.39239838424421 0.23576498345948 -9.90452674045463E-18
-3.43170946280332 0.228373156721869 -9.90452674045463E-18
-3.42902244144124 0.268282803628349 -9.90452674045463E-18
-3.40669537374858 0.301471688036355 -9.90452674045463E-18
-3.38436830605593 0.33466057244436 -9.90452674045464E-18
-3.36204123836327 0.367849456852365 -9.90452674045463E-18
-3.33971417067061 0.401038341260371 -9.90452674045463E-18
-3.31738710297795 0.434227225668376 -9.90452674045463E-18
-3.29506003528529 0.467416110076382 -9.90452674045463E-18
-3.27273296759264 0.500604994484387 -9.90452674045463E-18
-3.25040589989998 0.533793878892392 -9.90452674045463E-18
-3.22807883220732 0.566982763300398 -9.90452674045463E-18
-3.20575176451466 0.600171647708403 -9.90452674045463E-18
-3.183424696822 0.633360532116409 -9.90452674045463E-18
-3.16109762912934 0.666549416524414 -9.90452674045463E-18
-3.1387705614367 0.699738300932401 -9.90452674045463E-18
-3.11644349374405 0.732927185340389 -9.90452674045463E-18
-3.09411642605139 0.766116069748394 -9.90452674045463E-18
-3.07178935835875 0.799304954156382 -9.90452674045463E-18
-3.04946229066609 0.832493838564387 -9.90452674045463E-18
-3.08220492284382 0.809517327992212 -9.90452674045463E-18
-3.11092762985368 0.781678396582657 -9.90452674045463E-18
-3.13965033686354 0.753839465173103 -9.90452674045463E-18
-3.1683730438734 0.726000533763548 -9.90452674045463E-18
-3.19709575088324 0.698161602354009 -9.90452674045464E-18
-3.2258184578931 0.670322670944454 -9.90452674045463E-18
-3.25454116490295 0.642483739534899 -9.90452674045463E-18
-3.2832638719128 0.61464480812536 -9.90452674045463E-18
-3.31198657892267 0.58680587671579 -9.90452674045463E-18
-3.34070928593253 0.558966945306235 -9.90452674045463E-18
-3.36943199294239 0.531128013896681 -9.90452674045463E-18
-3.39815469995223 0.503289082487141 -9.90452674045463E-18
-3.42687740696209 0.475450151077587 -9.90452674045463E-18
-3.45560011397194 0.447611219668032 -9.90452674045464E-18
-3.4843228209818 0.419772288258477 -9.90452674045463E-18
-3.51304552799166 0.391933356848923 -9.90452674045463E-18
-3.54176823500153 0.364094425439352 -9.90452674045463E-18
-3.57049094201139 0.336255494029798 -9.90452674045463E-18
-3.59225811637079 0.369814250270275 -9.90452674045463E-18
-3.59039966039669 0.409771053713398 -9.90452674045464E-18
-3.58449684332406 0.449333115724967 -9.90452674045463E-18
-3.57076912520712 0.4869037126766 -9.90452674045463E-18
-3.55704140709017 0.524474309628229 -9.90452674045463E-18
-3.54331368897323 0.562044906579858 -9.90452674045463E-18
-3.52909100538682 0.599430937013711 -9.90452674045463E-18
-3.513945691558 0.636452815261937 -9.90452674045463E-18
-3.49880037772918 0.673474693510166 -9.90452674045463E-18
-3.48365506390036 0.710496571758396 -9.90452674045463E-18
-3.46974938930357 0.748001667598934 1.81985156773251E-17
-3.45595236199663 0.785546867525047 4.87466545704326E-17
-3.44215533468969 0.823092067451159 7.92947934635401E-17
-3.42835830738276 0.860637267377272 1.09842932356648E-16
-3.41193269343604 0.897109163495702 1.343060422839E-16
-3.38084611679177 0.922281067526589 1.17140076116486E-16
-3.3497595401475 0.947452971557475 9.99741099490734E-17
-3.31867296350323 0.972624875588362 8.28081437816604E-17
-3.28758638685897 0.997796779619248 6.56421776142473E-17
-3.2564998102147 1.02296868365013 4.84762114468343E-17
-3.22541323357043 1.04814058768102 3.13102452794213E-17
-3.19432665692616 1.07331249171191 1.41442791120082E-17
-3.16324008028189 1.09848439574279 -3.02168705540483E-18
-3.19954235724152 1.08168723266248 -9.90452674045463E-18
-3.23457023820429 1.06237279362694 -9.90452674045463E-18
-3.26959811916707 1.04305835459139 -9.90452674045463E-18
-3.30462600012984 1.02374391555584 -9.90452674045463E-18
-3.33965388109262 1.00442947652029 -9.90452674045463E-18
-3.37468176205539 0.98511503748474 -9.90452674045463E-18
-3.40970964301816 0.965800598449195 -9.90452674045463E-18
-3.44473752398094 0.946486159413645 -9.90452674045463E-18
-3.45745325920828 0.984411218116674 -9.90452674045463E-18
-3.4557880374198 1.02437654104037 -9.90452674045463E-18
-3.45412281563131 1.06434186396406 -9.90452674045463E-18
-3.45245759384282 1.10430718688775 -9.90452674045463E-18
-3.45079237205433 1.14427250981145 -9.90452674045463E-18
-3.4507440332822 1.18427248060348 1.86056343799532E-17
-3.45077184001014 1.2242724709383 4.84572698276379E-17
-3.45079964673808 1.26427246127312 7.83089052753266E-17
-3.45082745346602 1.30427245160795 1.08160540723015E-16
-3.44356086362434 1.34360687256559 1.28453637354138E-16
-3.40402124978741 1.34965823089462 8.38412995252945E-17
-3.36448163595048 1.35570958922365 3.92289616964509E-17
-3.32494202211355 1.36176094755269 -5.38337613239261E-18
-3.28494672353583 1.36237421069289 -9.90452674045463E-18
-3.24494672353584 1.36237421069289 -9.90452674045463E-18
-3.20494672353584 1.36237421069289 -9.90452674045463E-18
-3.16494672353584 1.36237421069289 -9.90452674045464E-18
-3.12494672353584 1.36237421069289 -9.90452674045463E-18
-3.08561726023399 1.36966758552133 -9.90452674045463E-18
-3.04629205825464 1.37698390216865 -9.90452674045463E-18
-3.0069668562753 1.38430021881597 -9.90452674045463E-18
-2.96825969148528 1.39438760667997 -9.90452674045463E-18
-2.92968876789746 1.40498401425905 -9.90452674045463E-18
-2.89111784430963 1.41558042183812 -9.90452674045463E-18
-2.8525469207218 1.42617682941719 -9.90452674045463E-18
-2.81397599713397 1.43677323699627 -9.90452674045463E-18
-2.77540507354614 1.44736964457534 -9.90452674045463E-18
-2.73678858779999 1.4577987878104 -9.90452674045463E-18
-2.69729096252333 1.46411840785467 -9.90452674045463E-18
-2.65779333724666 1.47043802789894 -9.90452674045463E-18
-2.61829571196999 1.4767576479432 -9.90452674045464E-18
-2.57829579262147 1.47667732290359 -2.91174207234614E-18
-2.53947798047916 1.46702447563017 1.42064794508414E-17
-2.50066016833685 1.45737162835675 3.1324700974029E-17
-2.46184235619454 1.44771878108333 4.84429224972207E-17
-2.42302454405223 1.43806593380991 6.55611440204082E-17
-2.38420673190991 1.4284130865365 8.26793655436E-17
-2.34538891976759 1.41876023926308 9.97975870667917E-17
-2.30657110762528 1.40910739198966 1.16915808589983E-16
-2.26775329548297 1.39945454471624 1.34034030113171E-16
-2.22858633883458 1.3913336145415 1.11429536541017E-16
-2.18936202917806 1.38349438422408 8.15594887380975E-17
-2.15013771952154 1.37565515390666 5.16894409351742E-17
-2.11091340986502 1.36781592358924 2.18193931322509E-17
-2.0716891002085 1.35997669327182 -8.05065467067238E-18
-2.0323910416117 1.35251595667799 -9.90452674045463E-18
-1.99308823178382 1.3450802899538 -9.90452674045463E-18
-1.95378542195594 1.3376446232296 -9.90452674045463E-18
-1.91448261212805 1.33020895650541 -9.90452674045463E-18
-1.87517980230017 1.32277328978122 -9.90452674045463E-18
-1.83565358899804 1.31663501135848 -9.90452674045463E-18
-1.79595185078698 1.31175935929747 -9.90452674045463E-18
-1.75625011257591 1.30688370723646 -9.90452674045463E-18
-1.71654837436485 1.30200805517545 -9.90452674045463E-18
-1.67782642251306 1.2919775793748 -9.90452674045464E-18
-1.64219594772473 1.27379876570728 -9.90452674045463E-18
-1.60656547293639 1.25561995203977 -9.90452674045463E-18
-1.57093499814807 1.23744113837225 -9.90452674045463E-18
-1.53733433953748 1.21573870208195 -9.90452674045463E-18
-1.50710677622588 1.18954148054523 -9.90452674045463E-18
-1.47687921291429 1.16334425900851 -9.90452674045463E-18
-1.44665164960269 1.1371470374718 -9.90452674045463E-18
-1.41806444157479 1.10916898290809 -9.90452674045463E-18
-1.40195489700415 1.07255638161118 -9.90452674045463E-18
-1.39371103261569 1.03341511566404 -9.90452674045463E-18
-1.41369993075527 0.998767692222099 -9.90452674045463E-18
-1.43203374181174 0.963216723569393 -9.90452674045463E-18
-1.43357106669579 0.92324627658414 -9.90452674045463E-18
-1.42471865910346 0.884238137948478 -9.90452674045463E-18
-1.39348390672573 0.859250336046298 -9.90452674045463E-18
-1.36224915434801 0.83426253414412 -9.90452674045463E-18
-1.33209923960111 0.807975985478414 -9.90452674045463E-18
-1.31462308109163 0.771995659135373 -9.90452674045463E-18
-1.29714692258216 0.736015332792332 -9.90452674045463E-18
-1.29237591566952 0.696300883368484 -9.90452674045463E-18
-1.31114212470799 0.660976254590186 -9.90452674045463E-18
-1.32990833374646 0.625651625811889 -9.90452674045463E-18
-1.33857333431018 0.58660143035488 -9.90452674045463E-18
-1.34450695242739 0.547043976240146 -9.90452674045463E-18
-1.3504405705446 0.507486522125412 -9.90452674045463E-18
-1.34246572774931 0.46828955945749 -9.90452674045463E-18
-1.33276430274786 0.429483859451675 -9.90452674045463E-18
-1.31076418753766 0.396077349146976 -9.90452674045463E-18
-1.28016773961298 0.370311919315665 -9.90452674045463E-18
-1.24070369620688 0.376837965441915 -9.90452674045463E-18
-1.20330379515417 0.391024134806738 -9.90452674045463E-18
-1.16843308761031 0.410620914016356 -9.90452674045463E-18
-1.13535602752753 0.433113314872647 -9.90452674045463E-18
-1.10064702901809 0.452995101071866 -9.90452674045463E-18
-1.06429995525955 0.469695107933895 -9.90452674045463E-18
-1.02795288150102 0.486395114795924 -9.90452674045463E-18
-0.989080352624783 0.49582519956574 -9.90452674045463E-18
-0.949182004631552 0.498675081565257 -9.90452674045463E-18
-0.915355024877994 0.477327120520873 -9.90452674045463E-18
-0.898071128233282 0.441254043070027 -9.90452674045463E-18
-0.897018860949753 0.401267886295913 -9.90452674045463E-18
-0.895966593666224 0.361281729521799 -9.90452674045463E-18
-0.894698816228753 0.321301825315193 -9.90452674045463E-18
-0.893218349808358 0.281329231964523 -9.90452674045463E-18
-0.888895587551188 0.241563496381384 -9.90452674045463E-18
-0.882319628058973 0.202107739428099 -9.90452674045463E-18
-0.875743668566759 0.162651982474813 -9.90452674045463E-18
-0.858063457561685 0.126771484445716 -9.90452674045463E-18
-0.837591238856423 0.09240742966046 -9.90452674045463E-18
-0.799510096405012 0.0801670624439355 -9.90452674045463E-18
-0.761428953953602 0.067926695227411 -9.90452674045463E-18
-0.722096575729942 0.0606490566494724 -9.90452674045463E-18
-0.682725727450189 0.0535824941377217 -9.90452674045463E-18
-0.643217365250996 0.0473303491987791 -9.90452674045463E-18
-0.603225692512458 0.0481465057852799 -9.90452674045463E-18
-0.56323401977392 0.0489626623717807 -9.90452674045463E-18
-0.523242347035382 0.0497788189582815 -9.90452674045463E-18
-0.550072390251204 0.079446120504553 -9.90452674045463E-18
-0.583354402024716 0.10163412835356 -9.90452674045463E-18
-0.61663641379823 0.12382213620257 -9.90452674045463E-18
-0.613657451595456 0.163711054265038 -9.90452674045463E-18
-0.598377892518058 0.200677729452292 -9.90452674045463E-18
-0.583098333440659 0.237644404639547 -9.90452674045463E-18
-0.567818774363261 0.274611079826801 -9.90452674045463E-18
-0.552539215285863 0.311577755014055 -9.90452674045463E-18
-0.577096986308807 0.280003780250261 -9.90452674045463E-18
-0.597284849802055 0.245471908485494 -9.90452674045463E-18
-0.617472713295301 0.210940036720733 -9.90452674045463E-18
-0.637660576788546 0.176408164955971 -9.90452674045463E-18
-0.675528037743487 0.163521916439584 -9.90452674045463E-18
-0.7151677349599 0.16887863227964 -9.90452674045463E-18
-0.754125131048268 0.177951740347666 -9.90452674045463E-18
-0.754125131048268 0.217951740347664 -9.90452674045463E-18
-0.754125131048268 0.257951740347666 -9.90452674045463E-18
-0.754125131048268 0.297951740347664 -9.90452674045463E-18
-0.746336317728535 0.337186092477783 -9.90452674045463E-18
-0.736401303717827 0.375932647119545 -9.90452674045463E-18
-0.726466289707119 0.414679201761306 -9.90452674045463E-18
-0.701387113346902 0.445840634865276 -9.90452674045463E-18
-0.674628524082003 0.475572400715163 -9.90452674045463E-18
-0.664872605953368 0.514364436772417 -9.90452674045463E-18
-0.656007761809809 0.553369751004074 -9.90452674045463E-18
-0.64714291766625 0.592375065235735 -9.90452674045463E-18
-0.681137611712428 0.613454931855491 -9.90452674045463E-18
-0.719832500647637 0.623589307528998 -9.90452674045463E-18
-0.758527389582849 0.633723683202506 -9.90452674045463E-18
-0.798446821438022 0.636261193864567 -9.90452674045463E-18
-0.83843849417656 0.637077350451067 -9.90452674045463E-18
-0.878430166915098 0.637893507037568 -9.90452674045464E-18
-0.918425923153034 0.638476158696503 -9.90452674045463E-18
-0.954362181434841 0.656042755996583 -9.90452674045463E-18
-0.950628553087119 0.695868125038953 -9.90452674045463E-18
-0.94299068993032 0.735132142235338 -9.90452674045463E-18
-0.914706418682857 0.763416413482801 -9.90452674045463E-18
-0.88571035491633 0.790970510928507 -9.90452674045463E-18
-0.851963895407045 0.812445530616234 -9.90452674045463E-18
-0.818217435897762 0.83392055030396 -9.90452674045463E-18
-0.782056368660234 0.851019591687708 -9.90452674045463E-18
-0.742566723831728 0.857388889240692 -9.90452674045463E-18
-0.703099122698925 0.86389338467247 -9.90452674045463E-18
-0.664123474871138 0.872887764940421 -9.90452674045463E-18
-0.625656331049706 0.883854936235757 -9.90452674045463E-18
-0.592887054228944 0.906793430010291 -9.90452674045463E-18
-0.573461924159415 0.941760047258488 -9.90452674045463E-18
-0.575430332844303 0.981711584991713 -9.90452674045463E-18
-0.577029054378257 1.02167962334058 -9.90452674045463E-18
-0.560591086338749 1.05814595310836 -9.90452674045464E-18
-0.523603962399761 1.07337594531853 -9.90452674045463E-18
-0.486616838460773 1.0886059375287 -9.90452674045463E-18
-0.447448760318767 1.09672145689972 -9.90452674045463E-18
-0.407993003365481 1.10329741639194 -9.90452674045463E-18
-0.368428499665131 1.1091838454406 -9.90452674045463E-18
-0.328546320245066 1.11225170539599 -9.90452674045463E-18
-0.288664140825002 1.11531956535138 -9.90452674045464E-18
-0.249073203659112 1.12102550036032 -9.90452674045463E-18
-0.210333486355238 1.13098714195275 -9.90452674045463E-18
-0.171593769051363 1.14094878354517 -9.90452674045463E-18
-0.133203736350577 1.1521829007438 -9.90452674045463E-18
-0.0949227601732379 1.16378319655512 -9.90452674045463E-18
-0.0562711502755588 1.17408140282212 -9.90452674045463E-18
-0.0169003019957987 1.18114796533387 -9.90452674045463E-18
0.022470546283955 1.18821452784562 -9.90452674045463E-18
0.0621997718362363 1.19286088523779 -9.90452674045463E-18
0.102172365186906 1.19434135165818 -9.90452674045463E-18
0.138083378692941 1.21195949880734 -9.90452674045463E-18
0.1773160518803 1.21975676464698 -9.90452674045463E-18
0.214018276892698 1.20385246714161 -9.90452674045463E-18
0.222584579729648 1.16478050205531 -9.90452674045463E-18
0.200396571880639 1.13149849028179 -9.90452674045464E-18
0.203735223444846 1.09163806622819 -9.90452674045463E-18
0.236747513894845 1.06905070960451 -9.90452674045463E-18
0.269759804344838 1.04646335298083 -9.90452674045464E-18
0.267833017823757 1.00650978626017 -9.90452674045463E-18
0.239117002085716 0.978663952817217 -9.90452674045463E-18
0.210400986347676 0.950818119374269 -9.90452674045463E-18
0.189194220285428 0.916902443453225 -9.90452674045463E-18
0.174618246342208 0.879652732264995 -9.90452674045463E-18
0.20500293612014 0.853637916734234 -9.90452674045464E-18
0.240004297816851 0.834275461327543 -9.90452674045463E-18
0.275005659513562 0.814913005920852 -9.90452674045463E-18
0.307592030195344 0.791715410231005 -9.90452674045463E-18
0.304355213599137 0.751846587595736 -9.90452674045463E-18
0.273877640888759 0.725940650791915 -9.90452674045463E-18
0.243045878410079 0.700457275378552 -9.90452674045463E-18
0.211394478354393 0.675999375335521 -9.90452674045463E-18
0.185642862969839 0.645391299520698 -9.90452674045463E-18
0.175941437968385 0.606585599514886 -9.90452674045463E-18
0.171733705228631 0.566807527852336 -9.90452674045463E-18
0.182040211251045 0.528158130268284 -9.90452674045463E-18
0.192409973263036 0.489525656417719 -9.90452674045463E-18
0.204010269074351 0.451244680240379 -9.90452674045463E-18
0.215610564885666 0.41296370406304 -9.90452674045463E-18
0.234069876242507 0.377477737481432 -9.90452674045463E-18
0.25731940399127 0.344928398633164 -9.90452674045463E-18
0.278563610195391 0.311036162018315 -9.90452674045463E-18
0.280339634740219 0.271075609759671 -9.90452674045463E-18
0.282115659285048 0.231115057501027 -9.90452674045463E-18
0.283891683829877 0.191154505242375 -9.90452674045463E-18
0.250277191163204 0.169473502434339 4.30958229607552E-17
0.214197212241661 0.152204017177931 9.95746753999487E-17
0.176687449078976 0.166097097019337 1.36682469018274E-16
0.157493232555191 0.201191000365064 1.36682469018274E-16
0.138299016031413 0.236284903710777 1.36682469018274E-16
0.119104799507635 0.27137880705649 1.36682469018274E-16
0.0999105829838578 0.306472710402203 1.36682469018274E-16
0.0807163664600802 0.341566613747916 1.36682469018274E-16
0.0615221499363026 0.376660517093628 1.36682469018274E-16
0.0692763634447191 0.337419312055231 1.36682469018274E-16
0.0797655533491893 0.298819093206781 1.36682469018274E-16
0.0902547432536595 0.260218874358331 1.36682469018274E-16
0.10074393315813 0.221618655509881 1.36682469018274E-16
0.1112331230626 0.18301843666143 1.36682469018274E-16
0.12172231296707 0.14441821781298 1.36682469018274E-16
0.120575371865682 0.104434664617824 1.36682469018274E-16
0.0847392470977089 0.0866646853940352 1.36682469018274E-16
0.0489031223297286 0.0688947061702433 1.36682469018274E-16
0.0130669975617551 0.0511247269464548 1.36682469018274E-16
-0.0214679624198338 0.0309421468569278 7.31704424839224E-17
-0.0558483383361902 0.0104973491848987 2.61991520147099E-18
-0.0161142648538789 0.0058926337211262 -9.90452674045463E-18
0.0238766843484047 0.00504176246150331 -9.90452674045463E-18
0.0638676335506805 0.0041908912018806 -9.90452674045463E-18
0.103833719771731 0.00254409061526905 -9.90452674045463E-18
0.143788445280717 0.000641484638650653 -9.90452674045463E-18
0.183743170789703 -0.00126112133796775 -9.90452674045463E-18
0.223697896298679 -0.00316372731458566 -9.90452674045463E-18
0.263687655258186 -0.00406881204013676 -9.90452674045463E-18
0.303586003251413 -0.00121893004062081 -9.90452674045463E-18
0.34212353609375 0.00949827866434878 -9.90452674045463E-18
0.365568327554902 0.0419072550959409 -9.90452674045463E-18
0.389013119016053 0.0743162315275331 -9.90452674045463E-18
0.412457910477205 0.106725207959125 -9.90452674045463E-18
0.43543243585952 0.139469233115738 -9.90452674045463E-18
0.452464317312714 0.175661981203776 -9.90452674045463E-18
0.469496198765908 0.211854729291814 -9.90452674045463E-18
0.486528080219102 0.248047477379852 -9.90452674045463E-18
0.503768019747107 0.284141583340113 -9.90452674045464E-18
0.533365622682944 0.311048495099965 -9.90452674045463E-18
0.562963225618782 0.337955406859816 -9.90452674045463E-18
0.592560828554619 0.364862318619668 -9.90452674045463E-18
0.63184657069499 0.372387640172939 -9.90452674045463E-18
0.671765334009541 0.374935646341953 -9.90452674045463E-18
0.711684097324092 0.377483652510967 -9.90452674045463E-18
0.751449293255813 0.381811376221161 -9.90452674045463E-18
0.790905050209099 0.388387335713375 -9.90452674045463E-18
0.802568914821218 0.426648990961294 -9.90452674045463E-18
0.801799826251964 0.466641596562493 -9.90452674045463E-18
0.80103073768271 0.506634202163693 -9.90452674045463E-18
0.819495524186036 0.542117320112752 -9.90452674045463E-18
0.859338429813745 0.545658911724104 -9.90452674045463E-18
0.899181335441454 0.549200503335456 -9.90452674045463E-18
0.939096373641901 0.546594793171819 -9.90452674045463E-18
0.973396090670405 0.526014962954717 -9.90452674045463E-18
1.01309713638832 0.521133675327044 -9.90452674045463E-18
1.0449001202181 0.545394141512234 -9.90452674045463E-18
1.04361046845766 0.585373346085824 -9.90452674045463E-18
1.06482298275349 0.619285427078432 -9.90452674045463E-18
1.10422420143972 0.626180640348522 -9.90452674045463E-18
1.14362542012595 0.633075853618612 -9.90452674045463E-18
1.14313069614178 0.673072794103848 -9.90452674045463E-18
1.12837687532956 0.710252422550642 -9.90452674045463E-18
1.11362305451735 0.747432050997425 -9.90452674045463E-18
1.09886923370513 0.784611679444209 -9.90452674045463E-18
1.08372865451141 0.821635494235211 -9.90452674045463E-18
1.06584011069141 0.857412581875204 -9.90452674045464E-18
1.04795156687141 0.893189669515197 -9.90452674045463E-18
1.03006302305142 0.928966757155189 -9.90452674045463E-18
1.01217447923142 0.964743844795182 -9.90452674045463E-18
0.994285935411424 1.00052093243517 -9.90452674045463E-18
0.977363871282343 1.03676515605235 -9.90452674045463E-18
0.965803687604919 1.07505826448382 -9.90452674045464E-18
0.954243503927495 1.11335137291529 -9.90452674045463E-18
0.942683320250071 1.15164448134675 -9.90452674045463E-18
0.935766320560394 1.19104188120122 -9.90452674045463E-18
0.949431661816094 1.22863521103997 -9.90452674045463E-18
0.957153933192991 1.24987916606049 -9.90452674045463E-18
