1822
0.262288359143495 0.973098799054883 0
0.301458775923779 0.98120302321632 0
0.313428431001728 1.01937012105353 0
0.313428431001728 1.05937012105353 0
0.313428431001728 1.09937012105353 0
0.311115314974156 1.13930318372399 0
0.308650869961671 1.17922719292623 0
0.306186424949187 1.21915120212847 0
0.298139160958939 1.25833336059723 0
0.261009632492872 1.24345390778849 0
0.258489699831554 1.20353336245927 0
0.241457818378358 1.16734061437123 0
0.221543638816407 1.13265019130701 0
0.197161382848649 1.10094048311027 0
0.176107198263998 1.06692987724275 0
0.155053013679347 1.03291927137523 0
0.13210791774736 1.0001546170558 0
0.107055320272354 0.968971811541299 0
0.0762650018566185 0.943438376757517 0
0.0454746834408831 0.917904941973736 0
0.0151285938515819 0.891845109920591 0
-0.0151576753155858 0.86571577965872 0
-0.0454439444827534 0.83958644939685 0
-0.0796010115510976 0.81877071570119 0
-0.114078380157409 0.798489910638654 0
-0.14855574876372 0.778209105576118 0
-0.185352176011546 0.762523987094085 0
-0.224204068476825 0.753009237918914 0
-0.262097292659772 0.740198946703609 0
-0.294809549431802 0.717179210456624 0
-0.317499590317845 0.684237412621811 0
-0.345045282671053 0.713241461180287 0
-0.323995794965282 0.747254974190921 0
-0.298707125247745 0.778246637326631 0
-0.334460619548471 0.796182290236072 0
-0.366253899189599 0.820455472344338 0
-0.386267958227943 0.855088367701349 0
-0.403417736320629 0.891225400110937 0
-0.417148114508636 0.92879502500678 0
-0.430407554309138 0.966533430592825 0
-0.445852723972934 1.00343121825085 0
-0.462649403417603 1.0397337189861 0
-0.482635510828413 1.07438275231408 0
-0.505885038577177 1.10693209116235 0
-0.534161828131251 1.13522384212468 0
-0.56671116697952 1.15847336987345 0
-0.602390628457495 1.17655584837175 0
-0.640233007922509 1.18951556736662 0
-0.678661970291815 1.20061578588782 0
-0.718117727245101 1.20719174538004 0
-0.757551497834111 1.20048520102893 0
-0.793891115941254 1.18376897669965 0
-0.829225208717071 1.16502059309705 0
-0.868595024725753 1.15794828177454 0
-0.908420753696086 1.15421849465171 0
-0.94836083978865 1.1564069925198 0
-0.988308452315602 1.15845351478854 0
-1.02828170937906 1.15991595102257 0
-1.06825496644252 1.1613783872566 0
-1.10780466881221 1.16736345554936 0
-1.14719601116493 1.17431486890572 0
-1.18681219621821 1.17984278730458 0
-1.22672844081148 1.182429951306 0
-1.26664468540475 1.18501711530741 0
-1.3065694746853 1.18746889035893 0
-1.34652420019428 1.18937149633555 0
-1.38647892570326 1.19127410231216 0
-1.42606753270417 1.19699618198022 0
-1.46547140353781 1.20387622291943 0
-1.42852634665036 1.21920797988277 0
-1.38903824624889 1.22558684550944 0
-1.3506690857923 1.23689204457255 0
-1.3122999253357 1.24819724363565 0
-1.27421044382365 1.26041163670871 0
-1.23789206844364 1.27717396380718 0
-1.20157369306362 1.29393629090565 0
-1.16606455789593 1.31235099480342 0
-1.13096434440675 1.33153366961727 0
-1.09586413091757 1.35071634443113 0
-1.06213106487641 1.3722123965213 0
-1.02866632373128 1.39412383417585 0
-0.995201582586148 1.4160352718304 0
-0.968353996913585 1.4456866991747 0
-0.941981071881669 1.47576108736899 0
-0.9200106248169 1.50918711698326 0
-0.905202872272671 1.54634529864745 0
-0.886442810354725 1.58167319239779 0
-0.855623474729722 1.60717159532098 0
-0.82027939680965 1.62590114833166 0
-0.785416375324668 1.64551159791696 0
-0.74813986242955 1.66001889216435 0
-0.70881231298649 1.66732257991806 0
-0.669135650196547 1.67239825030266 0
-0.629159410222403 1.67377674133625 0
-0.589817575996995 1.66655039511008 0
-0.551452835589244 1.65523020547184 0
-0.513327864903462 1.64312704017476 0
-0.475777507677806 1.62934405529392 0
-0.43885443075473 1.6139594399093 0
-0.401191039670702 1.60048839792839 0
-0.361935333476301 1.59280793367296 0
-0.347297057980805 1.63003320587503 0
-0.372994625898097 1.66068667228808 0
-0.400402346806943 1.68982113357678 0
-0.431159505915936 1.71539450182471 0
-0.4615001724936 1.74146064752412 0
-0.490868085103393 1.76861807208802 0
-0.523210188052944 1.79215502976739 0
-0.559637697163626 1.80867884833306 0
-0.596403763331837 1.8244350020044 0
-0.633288570524253 1.83991114488233 0
-0.671158648234828 1.8527897012531 0
-0.710359323617442 1.86074627397928 0
-0.749559999000056 1.86870284670545 0
-0.788873467236324 1.87608195337469 0
-0.828579302338344 1.88092412838713 0
-0.868531635516717 1.88287632550942 0
-0.908180751544023 1.87758977670578 0
-0.947829867571329 1.87230322790214 0
-0.9856347612879 1.85923456266507 0
-1.01763811216896 1.83523903115639 0
-1.05405277126747 1.81868691338434 0
-1.08896817245238 1.79916987569682 0
-1.12330757154655 1.77865632725069 0
-1.10913801614271 1.81606252593028 0
-1.07977403855925 1.84322420519498 0
-1.04978226093546 1.86969103868457 0
-1.01884058513548 1.89504084536408 0
-0.982397484227477 1.9115302479066 0
-0.945625669977264 1.92727298200039 0
-0.91161992252907 1.94833501277831 0
-0.87521283831572 1.96490378518552 0
-0.835364085380778 1.96837896712752 0
-0.795515332445837 1.97185414906952 0
-0.755537993788676 1.9732004008628 0
-0.715550725420139 1.97420954328219 0
-0.675563457051602 1.97521868570159 0
-0.635576188683064 1.97622782812099 0
-0.595588920314526 1.97723697054038 0
-0.560167727469367 1.95865366896542 0
-0.52152703000888 1.9483145926156 0
-0.48302669914524 1.93746449937221 0
-0.446439906132682 1.92129642660345 0
-0.412823332025482 1.89961865122646 0
-0.377435800558531 1.88097132925585 0
-0.34204826909158 1.86232400728524 0
-0.305931979291985 1.8795174249534 0
-0.315511899041259 1.91835329931716 0
-0.335669388874178 1.9529029100767 0
-0.366175526248827 1.9787752037995 0
-0.395427225694145 2.00605776378864 0
-0.424582608080033 2.03344322850868 0
-0.45981281504593 2.05238610361095 0
-0.495043022011828 2.07132897871322 0
-0.530273228977724 2.09027185381548 0
-0.566962588333899 2.1062058084418 0
-0.604572100210313 2.11982655058082 0
-0.642181612086728 2.13344729271985 0
-0.681465001482232 2.14098488634124 0
-0.721385793832265 2.14350090266582 0
-0.761306586182297 2.1460169189904 0
-0.80122737853233 2.14853293531499 0
-0.841148170882363 2.15104895163957 0
-0.881068963232396 2.15356496796415 0
-0.920989755582428 2.15608098428873 0
-0.960958238200961 2.15449340840961 0
-0.997151289423248 2.13746217113157 0
-1.03119483166542 2.11646128468348 0
-1.06523837390759 2.09546039823539 0
-1.09860975048772 2.07340702604094 0
-1.13423258305554 2.0552132413922 0
-1.16672831944858 2.03188885251972 0
-1.1996439844225 2.00916091818058 0
-1.23347012737372 1.98781163123595 0
-1.26647029314642 1.96520656412759 0
-1.29894246878449 1.94184938515986 0
-1.33141464442255 1.91849220619212 0
-1.36551709930172 1.89758712137491 0
-1.40183547468173 1.88082479427644 0
-1.43815385006175 1.86406246717797 0
-1.47165781093551 1.84221104603953 0
-1.50505048314562 1.82018993247394 0
-1.53844315535573 1.79816881890836 0
-1.57266294874552 1.77745636515802 0
-1.60749592110937 1.75779259043649 0
-1.64175479228797 1.73714483642865 0
-1.6749823218855 1.71487532191115 0
-1.70750115543186 1.69158314586887 0
-1.73966650682902 1.66780521136023 0
-1.77287535206466 1.64550784384487 0
-1.80608419730031 1.62321047632951 0
-1.83909258863706 1.60061742205703 0
-1.87187192745965 1.57769330928567 0
-1.90465126628225 1.55476919651432 0
-1.93784188477636 1.5324447067334 0
-1.97126250993089 1.51046603947899 0
-1.97639617125862 1.47079683831017 0
-1.97496240245036 1.43082254273158 0
-1.96136973568355 1.39320287486799 0
-1.94173902806816 1.35835125627546 0
-1.92210832045278 1.32349963768293 0
-1.9024776128374 1.2886480190904 0
-1.8821670122459 1.2541881946043 0
-1.86148563397361 1.21994961121131 0
-1.84560793385173 1.18323587210945 0
-1.82255706340895 1.15054554675423 0
-1.79950619296617 1.11785522139901 0
-1.77499485627783 1.08624518543334 0
-1.74657840519192 1.0580937146426 0
-1.71157914648782 1.03872745815966 0
-1.67657988778371 1.01936120167672 0
-1.64060661612675 1.00187052626682 0
-1.60399804436767 0.985751826760957 0
-1.56428822154868 0.980942463842213 0
-1.52700803468702 0.995440314288412 0
-1.48702257325479 0.996518680669139 0
-1.44702257325479 0.996518680669139 0
-1.40702257325479 0.996518680669139 0
-1.36702257325479 0.996518680669139 0
-1.32702257325479 0.996518680669139 0
-1.28702257325479 0.996518680669139 0
-1.24702257325479 0.996518680669139 0
-1.20702257325479 0.996518680669139 0
-1.16722712301341 0.992478613827315 0
-1.12796995555929 0.984805622006735 0
-1.08871278810516 0.977132630186156 0
-1.04957878976754 0.968854334823512 0
-1.01246686790679 0.953931022329243 0
-0.975354946046044 0.939007709834973 0
-0.938243024185295 0.924084397340704 0
-0.903073799234489 0.905028542168091 0
-0.868017837250994 0.885765117513794 0
-0.832961875267499 0.866501692859497 0
-0.799160944778394 0.845112511059561 0
-0.767395834040959 0.820802477331932 0
-0.73452474152162 0.798010126058203 0
-0.700675427918028 0.776697595270757 0
-0.667299014467878 0.75465184680978 0
-0.642403322779337 0.72334362847419 0
-0.623041399630176 0.68834197234243 0
-0.606303462501351 0.652012349984476 0
-0.577369240735608 0.624393320117175 0
-0.546143261928351 0.599394555197109 0
-0.514597984622886 0.574799932213187 0
-0.483716160314584 0.549377246922463 0
-0.519745956316545 0.566751187179559 0
-0.554004195889891 0.58739998911418 0
-0.587818786159462 0.608767569344544 0
-0.62159912929745 0.630189250358877 0
-0.653954905101219 0.65370740870804 0
-0.686085437680852 0.677532372006 0
-0.722500096779357 0.694084489778048 0
-0.760411646630742 0.706840444774281 0
-0.799761646392073 0.714022193780151 0
-0.839111646153405 0.721203942786022 0
-0.878461645914736 0.728385691791892 0
-0.918183596770614 0.733093835821463 0
-0.95817514061371 0.732271387619035 0
-0.998166684456807 0.731448939416606 0
-1.0381582282999 0.730626491214177 0
-1.078149772143 0.729804043011749 0
-1.1181413159861 0.72898159480932 0
-1.15798423378107 0.725440140082305 0
-1.19698419528734 0.716551776762269 0
-1.23598415679362 0.707663413442233 0
-1.2749841182999 0.698775050122198 0
-1.31253205021972 0.684985459535645 0
-1.34998047988127 0.670927895170384 0
-1.38742890954283 0.656870330805122 0
-1.42487733920439 0.642812766439861 0
-1.46232576886595 0.628755202074599 0
-1.49842519530778 0.611526406104748 0
-1.5335306930398 0.592353403497258 0
-1.57153621298463 0.57988021410067 0
-1.61153051710877 0.580555223452976 0
-1.65152482123291 0.581230232805282 0
-1.69151912535706 0.581905242157588 0
-1.72013427441873 0.553955765522455 0
-1.75664914325668 0.537625904722443 0
-1.7955318122388 0.528237717845999 0
-1.83552323686621 0.527409493075609 0
-1.87551466149361 0.526581268305218 0
-1.91550608612102 0.525753043534828 0
-1.95549751074843 0.524924818764438 0
-1.99478300973015 0.517398227918835 0
-2.02696815224707 0.493647088974229 0
-2.060641410616 0.515236708489621 0
-2.0957863909989 0.534337241306416 0
-2.13213539753644 0.551033040889963 0
-2.16912795258262 0.566249836582719 0
-2.20675439039644 0.579823751914825 0
-2.24565485027304 0.589137946533169 0
-2.28455531014965 0.598452141151512 0
-2.32345577002626 0.607766335769855 0
-2.36169594125569 0.619500444357369 0
-2.3998697312952 0.631448739382998 0
-2.43804352133471 0.643397034408628 0
-2.47621731137422 0.655345329434257 0
-2.51439110141373 0.667293624459887 0
-2.55256489145324 0.679241919485516 0
-2.59137542802916 0.688923977670097 0
-2.63004616326511 0.699150132192248 0
-2.66739870946057 0.713460523267131 0
-2.70475125565602 0.727770914342014 0
-2.74188182640707 0.742647766015059 0
-2.77889096800489 0.757824176598339 0
-2.81533920408101 0.774302225237053 0
-2.85059368015681 0.793199894845254 0
-2.88584815623262 0.812097564453455 0
-2.92110263230842 0.830995234061655 0
-2.95367247634203 0.85421602775236 0
-2.98270263627521 0.881734200189021 0
-3.01892987091415 0.898692604312496 0
-3.05853597189116 0.893092893123614 0
-3.0969082736214 0.881798360821502 0
-3.11562037189417 0.917151682846884 0
-3.13908775962313 0.949544301036502 0
-3.16898455930334 0.976118374282454 0
-3.2025477983745 0.997878635839989 0
-3.23373261277929 1.02292873265695 0
-3.26467981609531 1.04827179101455 0
-3.2925991740846 1.07691632713343 0
-3.32282305252268 1.1031177998432 0
-3.35329227650557 1.12903355547332 0
-3.38351983981716 1.15523077701003 0
-3.41368259079664 1.18150259562523 0
-3.44225893078257 1.20949175054296 0
-3.4708352707685 1.23748090546069 0
-3.49941161075443 1.26547006037842 0
-3.53445881896293 1.28474940675712 0
-3.56443198238217 1.31123731861599 0
-3.59556657642825 1.3363498066167 0
-3.62776063441206 1.36008885947344 0
-3.65989560253819 1.38390783979445 0
-3.69199409617603 1.40777595044823 0
-3.7261120387111 1.42865574923017 0
-3.76291020550098 1.4443367862145 0
-3.79970837229087 1.46001782319882 0
-3.83788345330725 1.47196199288083 0
-3.84626104336799 1.43284913074094 0
-3.82488340542872 1.39904089807288 0
-3.79659913418126 1.37075662682542 0
-3.76818478306214 1.34260303645973 0
-3.73909780453436 1.3151449287295 0
-3.71001082600658 1.28768682099928 0
-3.68092384747881 1.26022871326906 0
-3.65183686895103 1.23277060553883 0
-3.62274989042325 1.20531249780861 0
-3.5968816075103 1.1748029593143 0
-3.57149739059861 1.14388950703571 0
-3.54611317368693 1.11297605475712 0
-3.52072895677524 1.08206260247854 0
-3.49534473986355 1.05114915019995 0
-3.46932390587601 1.02076961434779 0
-3.44329225093777 0.990399350253175 0
-3.41726059599953 0.960029086158562 0
-3.39122894106129 0.929658822063951 0
-3.36629665491468 0.898379737878127 0
-3.34152663400994 0.866971998953162 0
-3.3167566131052 0.835564260028196 0
-3.29207243875219 0.804089007264951 0
-3.2684567878662 0.771804319977771 0
-3.24441340224107 0.739836905198325 0
-3.20735664718568 0.724777127485318 0
-3.19096405032804 0.68829037964089 0
-3.17810892437435 0.650412341984292 0
-3.15502623887243 0.617744473519707 0
-3.1319435533705 0.585076605055121 0
-3.10059456601278 0.5602322698528 0
-3.06346758839308 0.545346453354334 0
-3.02634061077337 0.530460636855868 0
-2.98921702215656 0.51556637056948 0
-2.95256661337666 0.499543027089851 0
-2.91591620459676 0.48351968361022 0
-2.87926579581686 0.467496340130589 0
-2.84261538703696 0.45147299665096 0
-2.80596497825706 0.435449653171329 0
-2.76931456947716 0.419426309691698 0
-2.73266416069726 0.403402966212067 0
-2.69601375191736 0.387379622732437 0
-2.65936334313746 0.371356279252806 0
-2.62271293435756 0.355332935773175 0
-2.58414469938045 0.344726746506954 0
-2.54505532528047 0.336240237656301 0
-2.50533893786837 0.331485390557605 0
-2.46581983289465 0.325301512965365 0
-2.42743540860664 0.314048248013457 0
-2.38905098431862 0.30279498306155 0
-2.35066656003061 0.291541718109643 0
-2.3110089407233 0.28631934021483 0
-2.27105445530551 0.284411699001249 0
-2.23109996988772 0.282504057787667 0
-2.19114548446993 0.280596416574086 0
-2.15119099905214 0.278688775360505 0
-2.11123651363436 0.276781134146923 0
-2.07750427579743 0.298278485856217 0
-2.04958152342008 0.326919713128687 0
-2.01370133958545 0.309238864506731 0
-1.98258683596568 0.284101488659289 0
-1.9464125318427 0.267030468736086 0
-1.90668151333867 0.271661469560141 0
-1.86730972043231 0.278722767127781 0
-1.82741597400918 0.281636355349696 0
-1.78752222758605 0.28454994357161 0
-1.74760384952855 0.287103978273464 0
-1.70765236259666 0.289073417770106 0
-1.66782095467328 0.292742060958231 0
-1.62921298531641 0.303202687236743 0
-1.59060501595953 0.313663313515254 0
-1.55199704660266 0.324123939793765 0
-1.51338907724579 0.334584566072277 0
-1.47478110788891 0.345045192350788 0
-1.43617313853204 0.3555058186293 0
-1.39756516917516 0.365966444907811 0
-1.35895719981829 0.376427071186323 0
-1.31984910465661 0.384826886233411 0
-1.27993604006798 0.387462654649641 0
-1.24056969918408 0.394554283899158 0
-1.20173685063531 0.404146461628336 0
-1.16290400208654 0.413738639357515 0
-1.12407115353777 0.423330817086693 0
-1.08438277006934 0.428314010607163 0
-1.04447039072888 0.43096013520432 0
-1.00455801138843 0.433606259801477 0
-0.964559274280332 0.433924111586669 0
-0.924559274280331 0.433924111586669 0
-0.884564886956199 0.433254049972058 0
-0.844784668839342 0.429066658591337 0
-0.805004450722485 0.424879267210615 0
-0.765224232605628 0.420691875829893 0
-0.72624917129525 0.41169495436462 0
-0.687990424924515 0.400021551855504 0
-0.64973167855378 0.388348149346388 0
-0.61696624127293 0.365404171491739 0
-0.656965347481824 0.365671570986335 0
-0.696877859857454 0.368315688204846 0
-0.736386566972555 0.374565653172207 0
-0.775895274087656 0.380815618139567 0
-0.815536338862948 0.375469031987552 0
-0.85508495903194 0.369476816810432 0
-0.892103660451346 0.354323739722894 0
-0.928570903994115 0.337887798971222 0
-0.965551647111048 0.322642319689832 0
-1.00256641748189 0.307479642670452 0
-1.03940745117092 0.291899583725635 0
-1.07617325237164 0.276142811782468 0
-1.11320185027428 0.261013934184807 0
-1.15100467119251 0.247939274318349 0
-1.18911428988763 0.235787856174244 0
-1.22752530211797 0.224625681679959 0
-1.26316759757482 0.206470055153552 0
-1.29890930509254 0.188510925338402 0
-1.33467184788839 0.170593321347489 0
-1.3694200147406 0.15078007072042 0
-1.40311087076706 0.129217922863486 0
-1.43670140012336 0.107499812044085 0
-1.47021177500399 0.0856582284165291 0
-1.50372214988462 0.0638166447889744 0
-1.53710384010326 0.0417788872318454 0
-1.57004205889854 0.0190836511107072 0
-1.60298027769382 -0.00361158501043098 0
-1.63282107098843 -0.0302485340765063 0
-1.66152020263405 -0.0581117686839087 0
-1.69386436326363 -0.0816458986480237 0
-1.72931789885447 -0.100167421644502 0
-1.76919102157611 -0.103350829319483 0
-1.8084352579743 -0.111089686439418 0
-1.83397039886356 -0.141878589956203 0
-1.85163783349463 -0.177765380751102 0
-1.85642164799853 -0.217478289468448 0
-1.8951078439742 -0.227645798550426 0
-1.93323562867927 -0.239740096111019 0
-1.96505834734121 -0.263974670111048 0
-2.00181357154648 -0.279756098868284 0
-2.03816064530502 -0.296456105730311 0
-2.07381716482559 -0.314583781137798 0
-2.10875424874391 -0.334061978366598 0
-2.14457614183885 -0.351860629301282 0
-2.18049297074793 -0.369466917982204 0
-2.21769605216208 -0.384161499748679 0
-2.25492392245664 -0.398793166548176 0
-2.2902967929738 -0.417468284523072 0
-2.32566966349096 -0.43614340249797 0
-2.36090936499589 -0.455068608912784 0
-2.39613300038578 -0.4740237008387 0
-2.43135663577567 -0.492978792764616 0
-2.46605726302285 -0.512875186122528 0
-2.50032257532298 -0.533512249212381 0
-2.53458788762311 -0.554149312302233 0
-2.56885319992324 -0.574786375392084 0
-2.60211638001227 -0.597002604828348 0
-2.63496861830756 -0.619822123644243 0
-2.66811518688602 -0.642211964900346 0
-2.70246796708469 -0.662703096948673 0
-2.73884993601396 -0.679326945384858 0
-2.77626065141661 -0.693484571353301 0
-2.81266015078325 -0.710070000074255 0
-2.84782318381023 -0.729137278546633 0
-2.88265058023465 -0.748810927376897 0
-2.9146947247898 -0.772751954918101 0
-2.9412732449333 -0.802644801336296 0
-2.96291182314466 -0.836286619553965 0
-2.99793426865312 -0.816962326278218 0
-3.03265723948662 -0.79710495242123 0
-3.06930898651913 -0.78108467029311 0
-3.1015551417996 -0.804752907862227 0
-3.12964875327169 -0.833226562254576 0
-3.1653246759691 -0.851316021607704 0
-3.20398240133816 -0.861591247604746 0
-3.24200375000929 -0.874016103548705 0
-3.27985030940743 -0.886963610711225 0
-3.31775977183301 -0.899725767997644 0
-3.35522814382669 -0.913730092334926 0
-3.39173552684245 -0.930076681744969 0
-3.42875697048242 -0.945223057906023 0
-3.46694008802177 -0.957141511454028 0
-3.50616507998714 -0.96497732700297 0
-3.54278150947343 -0.981078168337367 0
-3.57925863952224 -0.997492155768888 0
-3.61515075880826 -1.01514876283701 0
-3.65036902483509 -1.0341138290922 0
-3.68480177392552 -1.05447029710792 0
-3.71854322738515 -1.07595318142153 0
-3.74872095052825 -1.10220780055604 0
-3.77726625524128 -1.1302286067336 0
-3.80429524038197 -1.15971477234163 0
-3.8317532543854 -1.18880183934722 0
-3.85348184381627 -1.2223855913911 0
-3.87147938047905 -1.25810797476723 0
-3.88260701979489 -1.2965290060295 0
-3.86830923801927 -1.33388638062003 0
-3.83102256663052 -1.31940521572395 0
-3.79584560047856 -1.30036365453942 0
-3.76023062500702 -1.28215449414796 0
-3.72724891837952 -1.25952250289803 0
-3.69462265901679 -1.23638104227006 0
-3.66058684788665 -1.21536762844189 0
-3.62474348246062 -1.19761225869255 0
-3.5883015442752 -1.18112028666703 0
-3.55136699207267 -1.16576324093557 0
-3.51435291085867 -1.15059888167169 0
-3.47733882964468 -1.13543452240781 0
-3.43821975079064 -1.12708600938983 0
-3.39916604160885 -1.11843685919206 0
-3.36217891766986 -1.10320686698189 0
-3.32471365256869 -1.08919423300753 0
-3.28552317602502 -1.08118757650936 0
-3.24633269948135 -1.07318092001119 0
-3.20700179140319 -1.06589534043589 0
-3.16763989818742 -1.0587790659562 0
-3.12804569591225 -1.05309583217666 0
-3.08831117343613 -1.04849499273206 0
-3.04866772672465 -1.04316609670809 0
-3.00955903636182 -1.03476905329366 0
-2.97249611949168 -1.01972444651655 0
-2.94395781401348 -0.991696511872125 0
-2.9082665612801 -0.973637318138132 0
-2.87167639625377 -0.989797758210908 0
-2.83502903445772 -1.00582806929304 0
-2.79681451092057 -0.994010701107681 0
-2.75728644946917 -0.987884335309356 0
-2.72080676783849 -1.00429265113163 0
-2.68165817412105 -0.996083655459366 0
-2.65395442191265 -0.967230542740366 0
-2.631116053383 -0.934391405679472 0
-2.60595181757243 -0.903298621370733 0
-2.57608917738661 -0.876686167122168 0
-2.54018571368559 -0.859052639560457 0
-2.50343564039316 -0.843259219633129 0
-2.46673933744067 -0.827341262803822 0
-2.43015361126681 -0.811170776097141 0
-2.39356788509294 -0.79500028939046 0
-2.35698215891907 -0.778829802683779 0
-2.31923006294454 -0.765609392344855 0
-2.28076910503891 -0.75462054722896 0
-2.24234525125296 -0.74350265803019 0
-2.20395830552978 -0.732257997161783 0
-2.16742186661111 -0.715976454509352 0
-2.13288999484635 -0.695788591016106 0
-2.09835812308159 -0.675600727522859 0
-2.06382625131682 -0.655412864029612 0
-2.03150469334562 -0.631847701388238 0
-1.99860266281947 -0.609100033656009 0
-1.96412529421316 -0.588819228593473 0
-1.92964792560685 -0.568538423530937 0
-1.89489334444966 -0.548736426445075 0
-1.8597913603471 -0.529556991832339 0
-1.82560731306532 -0.508785595359389 0
-1.79340507957118 -0.485057633837395 0
-1.76120284607705 -0.4613296723154 0
-1.75140530622753 -0.42254812756926 0
-1.75227928014146 -0.382557676589085 0
-1.71486010182461 -0.368422433609512 0
-1.67601000596478 -0.377944515928098 0
-1.63603050589345 -0.376664057398362 0
-1.60409535725522 -0.352577831428863 0
-1.5841948725348 -0.317879550377884 0
-1.55985646602517 -0.286136173610885 0
-1.53296754834059 -0.256522222409604 0
-1.50468327709313 -0.228237951162141 0
-1.47590418383107 -0.200457314182146 0
-1.44711495889158 -0.172687176851131 0
-1.4183252202031 -0.144917572132132 0
-1.387063732208 -0.11996322645183 0
-1.3558022442129 -0.0950088807715279 0
-1.32382908441813 -0.0709731354588062 0
-1.2897047842348 -0.0501037287351193 0
-1.25558048405148 -0.0292343220114348 0
-1.21986131481378 -0.0112304071880362 0
-1.18298584774686 0.00426797752124667 0
-1.14611038067995 0.0197663622305296 0
-1.10964857087382 0.0362143537693607 0
-1.07167354471895 0.0487800765315903 0
-1.03263314139485 0.057489089580813 0
-0.993575260219814 0.0661193803127335 0
-0.953586729343024 0.0670771894355309 0
-0.913598198466228 0.0680349985583285 0
-0.873609667589433 0.068992807681126 0
-0.833890255928801 0.0642632900172166 0
-0.794312694728749 0.0584653033445975 0
-0.754735133528693 0.0526673166719778 0
-0.714957137467267 0.048458869293531 0
-0.676310303364116 0.038142755015214 0
-0.707763079551355 0.0134299471999217 0
-0.744204422706431 -0.00306333958755288 0
-0.780269146692615 -0.0203646598782228 0
-0.816333870678796 -0.0376659801688908 0
-0.85123903096574 -0.0572013272439421 0
-0.885766535090914 -0.0773966598454586 0
-0.918961185706324 -0.0997151537579265 0
-0.950265227873351 -0.124616096390789 0
-0.981569270040377 -0.149517039023651 0
-1.01205326543872 -0.175415417825296 0
-1.0397422727879 -0.204282680806351 0
-1.05957048740986 -0.239022310984369 0
-1.07897704213212 -0.27399924100705 0
-1.09838359685438 -0.308976171029736 0
-1.11826921498909 -0.343682974273492 0
-1.13788301148323 -0.378544112910753 0
-1.14577661856127 -0.417757515814576 0
-1.15367022563932 -0.456970918718399 0
-1.16163856584121 -0.496169203813885 0
-1.17056431317784 -0.535160626389662 0
-1.18326065720958 -0.573092181172294 0
-1.20466422163228 -0.606884006071273 0
-1.21923179370355 -0.644137003855995 0
-1.20744646324281 -0.682361419952658 0
-1.20897101405649 -0.722332356204097 0
-1.21084395750844 -0.762288483178892 0
-1.21271690096038 -0.802244610153686 0
-1.21458984441233 -0.84220073712848 0
-1.21646278786427 -0.882156864103274 0
-1.21459046463795 -0.922113020146323 0
-1.19967466381467 -0.959227961690132 0
-1.22053935605049 -0.993355144666532 0
-1.24122743917919 -1.02758967718065 0
-1.25433436801113 -1.0653813219794 0
-1.26744129684306 -1.10317296677814 0
-1.280548225675 -1.14096461157689 0
-1.29216656781307 -1.17924011452542 0
-1.3030820875918 -1.21772194696567 0
-1.31399760737053 -1.25620377940593 0
-1.32491312714925 -1.29468561184619 0
-1.33254378715512 -1.33395102955535 0
-1.33775610534355 -1.37360997229343 0
-1.34296842353199 -1.41326891503151 0
-1.34780159725841 -1.4529758468159 0
-1.35137219170276 -1.4928161637739 0
-1.35494278614711 -1.5326564807319 0
-1.35851338059146 -1.5724967976899 0
-1.36255072459004 -1.61229252426245 0
-1.36854293976716 -1.65184114443144 0
-1.37453515494428 -1.69138976460043 0
-1.3805273701214 -1.73093838476942 0
-1.38664792962165 -1.77046734568928 0
-1.39296754966592 -1.80996497096594 0
-1.41125999633706 -1.84553724099168 0
-1.43029176495649 -1.88071950617196 0
-1.40119432267215 -1.90816652518149 0
-1.38743066608821 -1.94572397127996 0
-1.41598343647222 -1.97373717001553 0
-1.43383630629105 -2.00953207243518 0
-1.44277231396046 -2.04852114483928 0
-1.44564014518645 -2.08841820668673 0
-1.44436870317055 -2.12839799452008 0
-1.44309726115465 -2.16837778235344 0
-1.44182581913874 -2.2083575701868 0
-1.44055437712284 -2.24833735802016 0
-1.43643676289662 -2.28812485923704 0
-1.42366800811721 -2.32603209998842 0
-1.41257996584857 -2.36446457738253 0
-1.40473532044304 -2.40368780441017 0
-1.39838676274726 -2.44318078878946 0
-1.39302213647776 -2.48281941622519 0
-1.38720284268329 -2.52239385014071 0
-1.37419965194285 -2.5602213141129 0
-1.3611964612024 -2.5980487780851 0
-1.34819327046196 -2.6358762420573 0
-1.32227092955761 -2.66633986367454 0
-1.30708731255825 -2.70334604930366 0
-1.28563800088847 -2.73710885470979 0
-1.25931629517406 -2.767228081265 0
-1.22518502182798 -2.78808608164315 0
-1.19068174743746 -2.80832278237062 0
-1.1540816220113 -2.82446065146133 0
-1.11495738485191 -2.83278495723992 0
-1.07499137337859 -2.83443357087396 0
-1.05678564711793 -2.79881683981506 0
-1.08246152557718 -2.76814520364504 0
-1.10993584628113 -2.73907353871411 0
-1.13741016698509 -2.71000187378318 0
-1.16165819467072 -2.67818940526285 0
-1.18589992328123 -2.64637213646155 0
-1.2061652299748 -2.61188565585514 0
-1.22379708471548 -2.57598137061781 0
-1.23626361218614 -2.53797366491458 0
-1.2487301396568 -2.49996595921135 0
-1.26173842572853 -2.46214024714303 0
-1.27143702894817 -2.42333384180076 0
-1.27463840504191 -2.38346215772413 0
-1.27783978113566 -2.34359047364751 0
-1.27247467296886 -2.30395191143394 0
-1.26426607919697 -2.26480323344492 0
-1.25153538356414 -2.22688319403692 0
-1.23769564582298 -2.18935371683225 0
-1.22413634378878 -2.15172201040874 0
-1.21055603610337 -2.11409787928031 0
-1.19697572841796 -2.07647374815188 0
-1.19098342096513 -2.03692514196416 0
-1.19834590136036 -1.99760855662884 0
-1.22162097484957 -1.96507747988564 0
-1.19400441255521 -1.93614090291045 0
-1.16270934239088 -1.91122868535741 0
-1.14290172671807 -1.87647730608467 0
-1.12989846879569 -1.83864986520634 0
-1.13604904327411 -1.79912556339611 0
-1.13799832444057 -1.7591730878416 0
-1.12508390938159 -1.72131522361653 0
-1.11009844392591 -1.68422835498251 0
-1.0968444085869 -1.64648805096635 0
-1.08359037324789 -1.60874774695019 0
-1.07033633790888 -1.57100744293403 0
-1.06877290509055 -1.53103800863952 0
-1.06755768946262 -1.49105647226362 0
-1.06255525713335 -1.45137050911806 0
-1.05755282480407 -1.41168454597249 0
-1.05149253314366 -1.3721463003742 0
-1.04505578744052 -1.33266759339496 0
-1.02488212486911 -1.29812742346986 0
-1.00720528376959 -1.26224526510748 0
-1.00749082674274 -1.22224628430533 0
-1.00934568897073 -1.18228931387319 0
-1.0116606429513 -1.14235635770829 0
-1.01289301205696 -1.10237534638558 0
-1.00533911631095 -1.06309508850635 0
-1.00039681855326 -1.02340159164762 0
-0.997181450956448 -0.983531033447147 0
-0.993382256467246 -0.943711865685464 0
-0.98777771619603 -0.904106447768865 0
-0.981747848510938 -0.864563550863099 0
-0.974146972248303 -0.825292356839491 0
-0.966546095985668 -0.786021162815878 0
-0.953948124013544 -0.748056822940285 0
-0.940251582474341 -0.710474849204668 0
-0.926555040935137 -0.672892875469047 0
-0.912858499395933 -0.635310901733426 0
-0.898882200193344 -0.597832066898282 0
-0.884163844600878 -0.560638384522725 0
-0.869445489008412 -0.523444702147169 0
-0.854727133415945 -0.486251019771612 0
-0.843357372761431 -0.447900940988658 0
-0.833377991009076 -0.409165789771182 0
-0.806071560988683 -0.379936371721184 0
-0.778039233348366 -0.351402381340131 0
-0.746362670360968 -0.326977079759486 0
-0.714317956213733 -0.303036814614295 0
-0.680544779406413 -0.281603837025036 0
-0.646471633066953 -0.260651016247645 0
-0.646337663923655 -0.300650791900372 0
-0.664011656825618 -0.336534353246781 0
-0.680091599716534 -0.373159965004474 0
-0.693335108237695 -0.410903964289787 0
-0.697254321182113 -0.450711498374384 0
-0.693972327014045 -0.490576627425728 0
-0.685675785869724 -0.529706761658062 0
-0.675112232403555 -0.568286696056237 0
-0.663579410895673 -0.60658805410092 0
-0.645564558738648 -0.64230170837713 0
-0.627549706581622 -0.678015362653339 0
-0.608733908754415 -0.713313602724561 0
-0.585950515304303 -0.746190904665228 0
-0.563167121854193 -0.779068206605892 0
-0.540383728404083 -0.811945508546557 0
-0.51589522191007 -0.843573234511166 0
-0.491248670651372 -0.875077956554892 0
-0.466602119392675 -0.906582678598619 0
-0.441955568133977 -0.938087400642345 0
-0.415185582968909 -0.967808906227729 0
-0.386719424973789 -0.995910113479322 0
-0.35825326697867 -1.02401132073092 0
-0.347609231117295 -1.06256912798939 0
-0.337070789065928 -1.10115592934853 0
-0.326144700670883 -1.13963476239196 0
-0.308366034702839 -1.17546657837157 0
-0.285169806464583 -1.20805392247198 0
-0.26201992622694 -1.24067420826139 0
-0.242917197204053 -1.27581799496513 0
-0.22518999128305 -1.3116752978508 0
-0.205412188230527 -1.34644365280779 0
-0.183033274030484 -1.37959759977082 0
-0.160654359830441 -1.41275154673385 0
-0.138339754995202 -1.44594881184781 0
-0.117580629625533 -1.48014031245668 0
-0.0968215042558616 -1.51433181306555 0
-0.0760623788861904 -1.54852331367442 0
-0.0542666808401844 -1.58206355139999 0
-0.0324397539826866 -1.61558347478829 0
-0.0106128271251888 -1.64910339817659 0
0.0173825925740909 -1.67767360076357 0
0.0557024315383179 -1.68914486668132 0
0.0956598300220873 -1.6909904848459 0
0.116809844740088 -1.72494158022481 0
0.128816837207447 -1.76309694854814 0
0.157064065688991 -1.79141821411152 0
0.189214378025846 -1.81521647910379 0
0.218729039923237 -1.84221434444686 0
0.2513840123533 -1.86531527030692 0
0.287478493044517 -1.88255442526392 0
0.323066294843945 -1.90081663660552 0
0.359233040736984 -1.91790366359995 0
0.397906553623737 -1.92811930851343 0
0.399691847155387 -1.88815916928687 0
0.372038903962095 -1.8592573573584 0
0.343754632714633 -1.83097308611094 0
0.316843540753876 -1.80137928389697 0
0.294953566234567 -1.76790049933802 0
0.273242098183173 -1.73430567600089 0
0.255173092448382 -1.69861938967469 0
0.237104086713592 -1.66293310334848 0
0.212912193750553 -1.63107792614186 0
0.176649214482081 -1.61419609168662 0
0.16829543365477 -1.57507813742148 0
0.14999434976007 -1.53951031026998 0
0.127144897876751 -1.50667888403486 0
0.102378716499263 -1.47526811740975 0
0.0810872242568196 -1.44140556644131 0
0.0603928473257037 -1.40717483809042 0
0.0396984703945878 -1.37294410973952 0
0.0190040934634719 -1.33871338138862 0
-0.00169028346764395 -1.30448265303772 0
-0.0223846603987598 -1.27025192468682 0
-0.0430790373298757 -1.23602119633593 0
-0.0637734142609916 -1.20179046798503 0
-0.0844677911921075 -1.16755973963413 0
-0.107510665672967 -1.13486377756449 0
-0.133362934677808 -1.10434066849445 0
-0.159215203682649 -1.07381755942442 0
-0.18506747268749 -1.04329445035438 0
-0.210919741692331 -1.01277134128434 0
-0.238279625287142 -0.983591951817139 0
-0.258373101755602 -0.949005072752796 0
-0.273026575238645 -0.911785780512322 0
-0.293990472265218 -0.877719447844138 0
-0.314954369291791 -0.843653115175955 0
-0.335918266318364 -0.809586782507772 0
-0.367139227369436 -0.784581751193109 0
-0.390947356490199 -0.752438742812293 0
-0.413223919197512 -0.719215938085008 0
-0.435500481904824 -0.685993133357723 0
-0.457777044612136 -0.652770328630438 0
-0.479940565070336 -0.619472004935406 0
-0.48158301432842 -0.579505739655363 0
-0.48651983177731 -0.539811560819216 0
-0.498998649542676 -0.50180788853378 0
-0.503359129051207 -0.462046271131373 0
-0.476143884541886 -0.491360610051054 0
-0.452263453769078 -0.523449938902015 0
-0.4234121504167 -0.551155575420041 0
-0.392020311826399 -0.575945744235942 0
-0.360628473236101 -0.600735913051841 0
-0.329236634645803 -0.625526081867739 0
-0.294510028100338 -0.645377096900642 0
-0.257422856556363 -0.660361812675985 0
-0.220335685012388 -0.675346528451329 0
-0.183248513468413 -0.690331244226672 0
-0.145014005008623 -0.702083791305412 0
-0.106403829000593 -0.712536269893222 0
-0.067793652992558 -0.722988748481032 0
-0.0291834769845232 -0.733441227068843 0
0.00942669902351147 -0.743893705656653 0
0.0480368750315462 -0.754346184244464 0
0.0867106908932086 -0.764560682112611 0
0.126708221986003 -0.764116265100469 0
0.166705753078803 -0.763671848088326 0
0.206703284171602 -0.763227431076184 0
0.246343616702989 -0.768579443482851 0
0.285777850569778 -0.775283263240206 0
0.325212084436567 -0.78198708299756 0
0.364882068943197 -0.78711468762774 0
0.404849459134455 -0.785499843579609 0
0.444816849325713 -0.783884999531477 0
0.484784239516972 -0.782270155483345 0
0.523708797437448 -0.773057186868637 0
0.562280075234566 -0.762462068695734 0
0.601319338674188 -0.753747947392247 0
0.640358602113809 -0.74503382608876 0
0.679397865553431 -0.736319704785273 0
0.718882713138624 -0.729920735245249 0
0.758702532042382 -0.726128371540129 0
0.794905419303718 -0.709118052497175 0
0.833181654861691 -0.697502124143813 0
0.87203354732697 -0.687987374968642 0
0.908980371738649 -0.672659877916203 0
0.945782316879759 -0.656987710426327 0
0.98258426202087 -0.64131554293645 0
1.01912890801271 -0.625052429786407 0
1.05438391308037 -0.606155747070141 0
1.08963891814803 -0.587259064353874 0
1.12489392321569 -0.568362381637608 0
1.1642258978313 -0.575642201198366 0
1.16193843793506 -0.615576741726874 0
1.15737831341316 -0.655315957425541 0
1.15375688357146 -0.69515168568425 0
1.15013545372976 -0.734987413942959 0
1.14651402388806 -0.774823142201668 0
1.14289259404636 -0.814658870460372 0
1.13418929938044 -0.853700548984203 0
1.12102159769298 -0.891471061719269 0
1.10785389600553 -0.92924157445434 0
1.0928210131117 -0.96630924813236 0
1.07385820115916 -1.00152872801001 0
1.0507829571507 -1.03420185326534 0
1.05783472000508 -1.07357535502281 0
1.06347231501584 -1.11317608131027 0
1.03826135215348 -1.14423098996499 0
1.01505046157949 -1.17680789219283 0
0.995582375250882 -1.21175061124418 0
0.97611428892227 -1.24669333029554 0
0.956646202593658 -1.28163604934689 0
0.937134254655111 -1.31655429511674 0
0.917554594108448 -1.35143461754755 0
0.897974933561786 -1.38631493997836 0
0.878395273015121 -1.42119526240917 0
0.858815612468456 -1.45607558483998 0
0.839235951921791 -1.49095590727079 0
0.819656291375127 -1.52583622970161 0
0.800991677131984 -1.56121464367333 0
0.787088572860061 -1.59872069240689 0
0.773185468588139 -1.63622674114045 0
0.765478061142064 -1.67547716623955 0
0.736698701093245 -1.70325752684161 0
0.705063888671346 -1.72773687820212 0
0.68181436092258 -1.76028621705039 0
0.659866602068237 -1.79372714827653 0
0.649856636025512 -1.83245440714962 0
0.637029650574488 -1.87034198353343 0
0.621644412632072 -1.90726480105126 0
0.606647191742518 -1.94434691757109 0
0.591649970852963 -1.98142903409092 0
0.576652749963411 -2.01851115061074 0
0.559960658553058 -2.05486186015469 0
0.543198331454587 -2.0911802355347 0
0.52509262165336 -2.1268479137966 0
0.505051170831691 -2.16146496521584 0
0.48646339272639 -2.19688380914261 0
0.526448060759934 -2.1957764147924 0
0.562862719858436 -2.17922429702035 0
0.593714770133704 -2.15376548727182 0
0.623588553888529 -2.12716554283259 0
0.653462337643351 -2.10056559839336 0
0.681093011016284 -2.07164249536208 0
0.704868653459639 -2.03947544970342 0
0.728644295902991 -2.00730840404477 0
0.752419938346341 -1.97514135838612 0
0.776195580789693 -1.94297431272746 0
0.798388858096018 -1.90969581452811 0
0.816453424546084 -1.87400728080969 0
0.834517990996153 -1.83831874709126 0
0.851658649479382 -1.80217738814114 0
0.850326056270074 -1.76219959186197 0
0.883727505893297 -1.74019179408329 0
0.91763142324521 -1.7189662342981 0
0.94180999157167 -1.68710094230693 0
0.961280985606773 -1.65215984342202 0
0.980751979641875 -1.61721874453711 0
1.00022297367698 -1.5822776456522 0
1.01969396771208 -1.54733654676729 0
1.03877180947708 -1.51217924377645 0
1.05721140260618 -1.47668302700293 0
1.07565099573529 -1.4411868102294 0
1.09787258834256 -1.40792721278752 0
1.12803585217801 -1.38165598299535 0
1.14583026750787 -1.34583198568812 0
1.16040126174904 -1.30858032630463 0
1.1696095622029 -1.26965466378295 0
1.17242535023128 -1.22975389514651 0
1.20182558290373 -1.20263146312417 0
1.23207289062688 -1.17645704096244 0
1.26139930358861 -1.14925480754681 0
1.26859195043924 -1.10990679830515 0
1.271950055476 -1.07004800842686 0
1.28716284704419 -1.03305380654733 0
1.30783451679588 -0.998809360725021 0
1.32850618654756 -0.964564914902708 0
1.34917785629925 -0.930320469080395 0
1.36340120834678 -0.892934692954546 0
1.37565845803959 -0.854858981142839 0
1.3879157077324 -0.816783269331136 0
1.3893827157296 -0.776810179789089 0
1.38919742446844 -0.736810608952034 0
1.38901213320729 -0.696811038114979 0
1.38882684194613 -0.656811467277924 0
1.38318095154373 -0.617211922816352 0
1.37322511029007 -0.578470714459721 0
1.36326926903641 -0.539729506103089 0
1.35331342778275 -0.500988297746457 0
1.34445661824283 -0.46198115833874 0
1.33933776473762 -0.422310043673378 0
1.33421891123241 -0.382638929008017 0
1.33128000368819 -0.342747039826799 0
1.33338717151226 -0.30280258033914 0
1.34092653843357 -0.263519531241269 0
1.38021907835994 -0.271009277974908 0
1.4192752087118 -0.279647488549986 0
1.45864974750715 -0.286693458650207 0
1.49674751415703 -0.298881985070211 0
1.53403348100037 -0.313364963926713 0
1.5713194478437 -0.327847942783216 0
1.60720986061958 -0.345508018399612 0
1.64222534273406 -0.36484492643298 0
1.66743897269927 -0.395897669693067 0
1.69065996450188 -0.428467372481138 0
1.71388095630449 -0.461037075269209 0
1.73879033394885 -0.492334405912104 0
1.76421862406329 -0.523211615336787 0
1.78964691417774 -0.55408882476147 0
1.81507520429218 -0.584966034186153 0
1.83838508412214 -0.617472179794527 0
1.86041877245537 -0.650856556056997 0
1.8824524607886 -0.684240932319468 0
1.90448614912183 -0.717625308581938 0
1.92651983745506 -0.751009684844408 0
1.94851756944962 -0.784417764512288 0
1.96866091911526 -0.818975621278118 0
1.98880426878091 -0.853533478043949 0
2.00894761844655 -0.888091334809779 0
2.02909096811219 -0.922649191575609 0
2.04923431777784 -0.957207048341439 0
2.06044683375735 -0.995603395633977 0
2.06902245753921 -1.03467331599161 0
2.09069479605768 -1.06829339545525 0
2.13002348314388 -1.07559095477846 0
2.14770681900416 -1.11146991285771 0
2.14564564019418 -1.15141677183201 0
2.1562026270412 -1.18999850363234 0
2.16668611760796 -1.22860027076205 0
2.18028073852708 -1.26621923249765 0
2.20199004652147 -1.29981545172549 0
2.22369935451586 -1.33341167095333 0
2.24540866251024 -1.36700789018117 0
2.26711797050463 -1.400604109409 0
2.28882727849902 -1.43420032863684 0
2.3105365864934 -1.46779654786468 0
2.33224589448779 -1.50139276709252 0
2.35395520248217 -1.53498898632035 0
2.37566451047656 -1.56858520554819 0
2.39737381847095 -1.60218142477603 0
2.41908312646533 -1.63577764400387 0
2.43927537859889 -1.67030694972778 0
2.45929177566278 -1.7049384938542 0
2.47930817272668 -1.73957003798063 0
2.49932456979058 -1.77420158210705 0
2.51934096685447 -1.80883312623347 0
2.53935736391837 -1.8434646703599 0
2.55937376098227 -1.87809621448632 0
2.56864022863248 -1.91700807099931 0
2.59636546783826 -1.94584053726535 0
2.63447904684685 -1.95797952796293 0
2.66482509358878 -1.9840394099108 0
2.69517114033071 -2.01009929185867 0
2.72551718707263 -2.03615917380654 0
2.75586323381455 -2.06221905575441 0
2.78620928055648 -2.08827893770228 0
2.81655532729841 -2.11433881965015 0
2.84584937554718 -2.14157590351018 0
2.87380669345922 -2.17018339160622 0
2.90176401137126 -2.19879087970226 0
2.9297213292833 -2.2273983677983 0
2.95524666937312 -2.25819539709171 0
2.98047037437689 -2.28923995709635 0
3.00569407938067 -2.32028451710099 0
3.03091778438445 -2.35132907710565 0
3.05614148938823 -2.3823736371103 0
3.08136519439201 -2.41341819711495 0
3.09781693310831 -2.44987831633048 0
3.11357370505147 -2.48664411753121 0
3.12933047699464 -2.52340991873193 0
3.13620856850687 -2.56281412989202 0
3.13780729004083 -2.6027821682409 0
3.13940601157479 -2.64275020658977 0
3.13811746139961 -2.68272944668317 0
3.13586750809006 -2.72266611792784 0
3.12486185009838 -2.7611222681794 0
3.1102168777438 -2.7983449062473 0
3.0860460148118 -2.83021604342693 0
3.06215170878354 -2.86229504184376 0
3.06473300284706 -2.90221166646256 0
3.10371199866621 -2.89323180650095 0
3.13820343308598 -2.87297493231791 0
3.16359858642462 -2.84207046359723 0
3.18542034816585 -2.80854717744404 0
3.20724210990708 -2.77502389129085 0
3.22763651227047 -2.74061359701369 0
3.23639804596274 -2.70158494692995 0
3.24515957965501 -2.6625562968462 0
3.2519625495055 -2.62313904679989 0
3.25163198228201 -2.58314041275682 0
3.25130141505851 -2.54314177871376 0
3.25097084783501 -2.5031431446707 0
3.24200989272617 -2.46415979843751 0
3.22984210284709 -2.42605540381617 0
3.21767431296801 -2.38795100919483 0
3.20486682627784 -2.35005683702177 0
3.18732561447706 -2.31410818073868 0
3.16978440267627 -2.27815952445558 0
3.15224319087549 -2.24221086817249 0
3.1347019790747 -2.2062622118894 0
3.11716076727391 -2.1703135556063 0
3.09327484534721 -2.13822831392557 0
3.06770147709928 -2.10747115481658 0
3.04212810885135 -2.07671399570758 0
3.01507850791355 -2.04724674118487 0
2.98618618750562 -2.01958388121983 0
2.9786400222274 -1.98030213750097 0
2.98658651933921 -1.94109941841603 0
2.97848974084784 -1.90192746189021 0
2.94378905227452 -1.88203117548953 0
2.90683394854952 -1.86672365091257 0
2.88485814533158 -1.8333011424351 0
2.87535007628167 -1.79444761462948 0
2.84810591858258 -1.76516014510296 0
2.82372961691063 -1.73344585941341 0
2.8030591190344 -1.69920070621549 0
2.78238862115818 -1.66495555301757 0
2.76171812328196 -1.63071039981965 0
2.73899636265338 -1.59779047281581 0
2.71545411488615 -1.56545222038829 0
2.69191186711891 -1.53311396796077 0
2.66836961935167 -1.50077571553324 0
2.64541650970108 -1.46801667468391 0
2.62441221661922 -1.43397523417192 0
2.61070643378397 -1.39639662966253 0
2.60128243275911 -1.35752262543498 0
2.59185843173425 -1.31864862120743 0
2.56326203579503 -1.290679957684 0
2.54192190255208 -1.2568480391281 0
2.52058176930912 -1.22301612057219 0
2.49924163606617 -1.18918420201629 0
2.47790150282322 -1.15535228346039 0
2.45200583268391 -1.1248659870629 0
2.42209480718862 -1.09830792700913 0
2.38876866231848 -1.07618626187981 0
2.35544251744833 -1.05406459675048 0
2.32211637257818 -1.03194293162116 0
2.28930907999306 -1.00905884209951 0
2.26699142261923 -0.975863629050876 0
2.2659391553357 -0.935877472276763 0
2.25662092513366 -0.896977978888008 0
2.23453161224618 -0.863630381430929 0
2.23652911692394 -0.823680287875814 0
2.24431400371704 -0.784445156454871 0
2.22213110045018 -0.751159742191968 0
2.18721775867541 -0.731639020737131 0
2.16670693859655 -0.697297991927668 0
2.15387416533803 -0.659412375521236 0
2.13520382055571 -0.624036985407357 0
2.11653347577339 -0.588661595293478 0
2.09355896657235 -0.555917558783428 0
2.07366199496777 -0.521217263093527 0
2.0560350673422 -0.485310558671061 0
2.03426768321493 -0.451751938492992 0
2.01180020240987 -0.418657946496344 0
1.98933272160481 -0.385563954499697 0
1.96664870825187 -0.35261800576235 0
1.93912699690725 -0.323591200828572 0
1.91160528556264 -0.294564395894795 0
1.88408357421802 -0.265537590961017 0
1.8565618628734 -0.236510786027239 0
1.82904015152878 -0.207483981093462 0
1.79808110352605 -0.182155393553599 0
1.76554964479325 -0.158880853972411 0
1.73301818606045 -0.135606314391222 0
1.70048672732765 -0.112331774810033 0
1.6670942247382 -0.0903104040349578 0
1.63180010709114 -0.0714868746231924 0
1.59650598944408 -0.0526633452114271 0
1.56121187179702 -0.0338398157996617 0
1.52527208206369 -0.0162804446855294 0
1.48745599836265 -0.00324419470649644 0
1.44785646757581 -0.00889018102093734 0
1.40825693678899 -0.0145361673353769 0
1.44723543125884 -0.00555413143787876 0
1.48627669679813 0.00315101560804323 0
1.52531796233741 0.0118561626539652 0
1.56435922787669 0.0205613096998852 0
1.60355216655953 0.0285559052120917 0
1.64280471654661 0.036252483640932 0
1.6820572665337 0.0439490620697724 0
1.72204102187813 0.0450889342367538 0
1.76200592881211 0.0434137584970065 0
1.80197083574608 0.0417385827572592 0
1.84193574268005 0.0400634070175119 0
1.88190064961402 0.0383882312777646 0
1.91988353618387 0.025846288532649 0
1.95732437958402 0.0117685314141955 0
1.99476522298416 -0.00230922570425794 0
2.0322060663843 -0.0163869828227114 0
2.06964690978444 -0.0304647399411649 0
2.10708775318458 -0.0445424970596183 0
2.14452859658472 -0.0586202541780718 0
2.18194181690837 -0.0727712592665769 0
2.21919565928251 -0.0873366713226324 0
2.25644950165665 -0.101902083378688 0
2.2937033440308 -0.116467495434743 0
2.33095718640494 -0.131032907490799 0
2.36821102877908 -0.145598319546854 0
2.40546487115322 -0.16016373160291 0
2.44271871352736 -0.174729143658965 0
2.47997255590151 -0.189294555715021 0
2.51997159648311 -0.189571598221814 0
2.55994350111148 -0.18807265179825 0
2.59741114664515 -0.202078919615307 0
2.63008986117574 -0.225146247519254 0
2.64652565740772 -0.261613556197305 0
2.68569188198243 -0.269738016337122 0
2.72560507220004 -0.272371881681431 0
2.76551826241767 -0.275005747025741 0
2.80543145263529 -0.277639612370051 0
2.84534464285291 -0.280273477714362 0
2.88525783307053 -0.282907343058672 0
2.92517102328816 -0.285541208402982 0
2.96508421350578 -0.288175073747292 0
3.0049974037234 -0.290808939091602 0
3.04491059394102 -0.293442804435912 0
3.08482378415865 -0.296076669780222 0
3.12477274205987 -0.294056580028406 0
3.16426333553319 -0.287693166862089 0
3.2037539290065 -0.281329753695774 0
3.24324452247982 -0.274966340529457 0
3.28273511595314 -0.26860292736314 0
3.32222570942645 -0.262239514196824 0
3.361877165049 -0.256970542094661 0
3.40175599361634 -0.253859427809266 0
3.44163482218368 -0.250748313523871 0
3.48151365075102 -0.247637199238476 0
3.52126511168437 -0.243185081353291 0
3.56035641206823 -0.234707449944743 0
3.59944771245208 -0.226229818536196 0
3.63938179265254 -0.223934336333481 0
3.67937614453052 -0.223262162352339 0
3.71937049640849 -0.222589988371197 0
3.75913619296037 -0.218266867074786 0
3.79765475374893 -0.207481670053987 0
3.83740476417967 -0.203016620137462 0
3.87725863014134 -0.199600574483604 0
3.90693716222137 -0.172782954649358 0
3.93320839201354 -0.142619690813906 0
3.95930055785628 -0.112301397959013 0
3.99897634387573 -0.107218878530655 0
4.03880074899512 -0.110962774480961 0
4.07880074415379 -0.110943094384319 0
4.11416454176559 -0.0922508013609396 0
4.14952833937739 -0.0735585083375598 0
4.18489213698919 -0.0548662153141801 0
4.22015743757265 -0.0359887532295014 0
4.25537628156954 -0.0170247603081004 0
4.29059512556642 0.00193923261330064 0
4.3258139695633 0.0209032255346973 0
4.36218501692859 0.0375509555166468 0
4.39886095598226 0.0535157760458944 0
4.43553689503594 0.0694805965751419 0
4.47221283408962 0.0854454171043895 0
4.50916261040671 0.100765796672685 0
4.54623218113565 0.115794001022254 0
4.58330175186458 0.130822205371823 0
4.62037132259352 0.145850409721392 0
4.65744089332246 0.160878614070965 0
4.69451046405141 0.175906818420537 0
4.73158003478035 0.190935022770106 0
4.76864960550928 0.205963227119675 0
4.80571917623822 0.220991431469244 0
4.84278874696716 0.236019635818813 0
4.87972245026969 0.251378723043006 0
4.91565782470646 0.268947128323204 0
4.95159319914323 0.286515533603402 0
4.97245578267118 0.320644005713053 0
4.93409986203179 0.331994043241841 0
4.8940998648792 0.331978950437357 0
4.85411003681331 0.331076924240382 0
4.81493910291387 0.322975199890239 0
4.77601233258671 0.313771583650096 0
4.73708556225954 0.304567967409951 0
4.69815879193237 0.295364351169806 0
4.66012407628464 0.282980474329452 0
4.62236684322065 0.269774742568154 0
4.58460961015666 0.256569010806856 0
4.54630537195775 0.245045758835241 0
4.50750642450331 0.235317363467676 0
4.46870747704887 0.225588968100111 0
4.42990852959444 0.215860572732548 0
4.39712139835414 0.192947606424548 0
4.36101538525196 0.175732618249557 0
4.32315379938036 0.162829118131882 0
4.28529221350875 0.149925618014204 0
4.24770947679781 0.136231170186106 0
4.21239695322124 0.117442192602041 0
4.17708442964467 0.0986532150179805 0
4.13873053099582 0.0872963466805559 0
4.09999632327298 0.077313303453019 0
4.06076577110411 0.0695053730917947 0
4.02116779135766 0.0638485188423021 0
3.98230895518089 0.0543621680693594 0
3.94445853599662 0.0414259488544827 0
3.91076841064901 0.0198626593544547 0
3.87119742919454 0.0257053836103356 0
3.8353319748152 0.0434160917318045 0
3.79985126385226 0.0618855029179918 0
3.76424222319516 0.0436647393916819 0
3.73077448261731 0.021757883373214 0
3.69749247084379 -0.000430124475795835 0
3.65791154741851 -0.00620511372270156 0
3.61792363546002 -0.00718842303315614 0
3.57793572350152 -0.00817173234361072 0
3.53793591252677 -0.0080487608656063 0
3.497936359624 -0.00785963768403296 0
3.45793680672122 -0.00767051450245958 0
3.41793725381844 -0.00748139132088619 0
3.37793770091567 -0.00729226813931286 0
3.3379381480129 -0.00710314495773952 0
3.29793859511012 -0.00691402177616613 0
3.25793904220734 -0.00672489859459275 0
3.21793948930456 -0.00653577541301937 0
3.1779406428776 -0.00623199175351007 0
3.13810839387729 -0.00257249184535482 0
3.09827614487699 0.00108700806280043 0
3.05844389587668 0.00474650797095568 0
3.01861164687638 0.00840600787911092 0
2.97877939787607 0.0120655077872662 0
2.93894714887577 0.0157250076954214 0
2.89906135043973 0.018745451887875 0
2.85910903483688 0.0206980086654578 0
2.81915671923401 0.0226505654430416 0
2.77920440363115 0.024603122220625 0
2.73925208802829 0.0265556789982083 0
2.69929977242544 0.0285082357757916 0
2.65970615514568 0.0341955436365845 0
2.62836150779532 0.0590453541485783 0
2.59701686044497 0.0838951646605721 0
2.56567221309462 0.10874497517256 0
2.53798185577765 0.137610943225944 0
2.49910820471008 0.147036400916532 0
2.46072422234668 0.158291173145518 0
2.42425615304777 0.174725281627859 0
2.38778808374886 0.1911593901102 0
2.35132001444995 0.207593498592544 0
2.31485194515103 0.224027607074888 0
2.27838387585211 0.240461715557233 0
2.24105952735163 0.254845491452821 0
2.20327066788216 0.267960448562813 0
2.16548180841269 0.281075405672805 0
2.12769294894323 0.294190362782797 0
2.08885085489991 0.303745033385713 0
2.04908129381887 0.308032458186271 0
2.00931173273781 0.312319882986831 0
1.96954217165676 0.316607307787391 0
1.92977261057571 0.320894732587951 0
1.89000304949465 0.32518215738851 0
1.8501968284669 0.329114684246526 0
1.81020034593376 0.3285842269185 0
1.77020386340063 0.328053769590474 0
1.7302073808675 0.327523312262449 0
1.69021089833437 0.326992854934423 0
1.65021441580124 0.326462397606398 0
1.61021793326811 0.325931940278372 0
1.57022145073497 0.325401482950346 0
1.53022496820184 0.324871025622321 0
1.49024715114183 0.323539055984713 0
1.45043315059961 0.319686088190305 0
1.4106191500574 0.315833120395898 0
1.37080514951519 0.31198015260149 0
1.33099114897297 0.308127184807082 0
1.36824505756644 0.322692427493339 0
1.40595943291524 0.336020063894797 0
1.44367380826405 0.349347700296256 0
1.48365098611326 0.350698718879714 0
1.52363497579487 0.349567096530235 0
1.56177885082391 0.361610551091483 0
1.58947560979049 0.390470376848884 0
1.62544807347066 0.407962713936291 0
1.6614283998137 0.425438872445768 0
1.69943779370402 0.437900251827339 0
1.7379728131207 0.448626494345385 0
1.77650783253738 0.45935273686343 0
1.81606632867749 0.465279403981951 0
1.85575338705347 0.470273139804095 0
1.89544044542945 0.475266875626239 0
1.93512750380544 0.480260611448382 0
1.97481456218141 0.485254347270525 0
2.0145016205574 0.490248083092669 0
2.05418867893338 0.495241818914812 0
2.09387573730937 0.500235554736956 0
2.13356423260812 0.50521785750977 0
2.17329025678104 0.509891507412466 0
2.21301628095395 0.514565157315162 0
2.25274230512687 0.519238807217858 0
2.29246832929979 0.523912457120554 0
2.3321943534727 0.52858610702325 0
2.37192037764562 0.533259756925946 0
2.41164640181854 0.537933406828642 0
2.45137242599145 0.542607056731338 0
2.49118542724712 0.546470336557586 0
2.53114223069024 0.544611880583487 0
2.56257229600124 0.569353565945374 0
2.58430234712753 0.602936372231462 0
2.622022595751 0.616247376843544 0
2.66052880697864 0.627076582580479 0
2.69769051165123 0.641875491520894 0
2.73485221632383 0.656674400461308 0
2.77201392099642 0.67147330940172 0
2.80767119938364 0.689599492067027 0
2.84214856798995 0.709880297129563 0
2.87662593659626 0.7301611021921 0
2.91110330520258 0.750441907254636 0
2.94357568838998 0.773798797675452 0
2.97460415553794 0.799042296372102 0
3.00563262268591 0.824285795068751 0
3.03666108983387 0.8495292937654 0
3.06730892906515 0.8752335726009 0
3.09645403582123 0.902629972951615 0
3.12559914257731 0.930026373302331 0
3.15474424933339 0.957422773653047 0
3.18643263280882 0.981832737862651 0
3.22388579991159 0.995877675526188 0
3.25567196483301 1.02016017374172 0
3.28529437703849 1.04703977000225 0
3.31872534259709 1.06900270563979 0
3.35349819756067 1.0887725958186 0
3.38741812972087 1.10997255341873 0
3.42126071797628 1.13129576190561 0
3.44346441327983 1.16456731003411 0
3.46058786706939 1.20071682358985 0
3.47771132085896 1.23686633714559 0
3.49430675980159 1.27326127369316 0
3.50695587044227 1.31120860561518 0
3.51960498108294 1.3491559375372 0
3.53225409172361 1.38710326945921 0
3.53768669513836 1.42673263761135 0
3.5261927797157 1.4650456890202 0
3.52489942785262 1.50502477406423 0
3.54062564062303 1.54180365702578 0
3.56219876386296 1.57548748628664 0
3.56260284742018 1.61548544519054 0
3.56300693097739 1.65548340409445 0
3.56341101453461 1.69548136299836 0
3.5640505040005 1.73547625083696 0
3.5647966428131 1.77546929119241 0
3.56554278162571 1.81546233154786 0
3.56628892043831 1.8554553719033 0
3.56703505925091 1.89544841225876 0
3.56868064825637 1.93541454838455 0
3.57092201913497 1.97535170222135 0
3.57316339001357 2.01528885605816 0
3.57540476089216 2.05522600989496 0
3.58173989050046 2.09472115051817 0
3.5886486915487 2.13411998892841 0
3.59555749259694 2.17351882733864 0
3.60246629364518 2.21291766574888 0
3.60987033748011 2.25222644511037 0
3.61738937025635 2.29151339136622 0
3.62490840303259 2.33080033762207 0
3.63242743580882 2.37008728387791 0
3.64175214945443 2.40898522361034 0
3.65160304158325 2.44775325069796 0
3.63720950794339 2.48507383736749 0
3.60005823742498 2.47024875393205 0
3.57584937722443 2.43840646934393 0
3.55164051702388 2.40656418475582 0
3.52743165682333 2.37472190016771 0
3.50783822332298 2.33984931260001 0
3.49135917250722 2.30340152961927 0
3.47488012169145 2.26695374663852 0
3.45840107087569 2.23050596365777 0
3.44450523694064 2.19299722068697 0
3.43173258711555 2.1550912921738 0
3.41895993729046 2.11718536366063 0
3.40636003769799 2.07922166349508 0
3.40396285320456 2.03929355927631 0
3.40156566871113 1.99936545505756 0
3.39916848421769 1.95943735083879 0
3.39677129972426 1.91950924662003 0
3.39437411523082 1.87958114240125 0
3.39197693073739 1.8396530381825 0
3.38957974624396 1.79972493396373 0
3.38718256175052 1.75979682974497 0
3.38478537725709 1.7198687255262 0
3.38238819276365 1.67994062130744 0
3.37717649302214 1.64028159729268 0
3.3715977521483 1.60067253708844 0
3.37003673639915 1.56070300832176 0
3.38663694359607 1.52431024639004 0
3.36413485155601 1.4912397783888 0
3.34276886104455 1.45742418362153 0
3.32238402266798 1.42300822272602 0
3.30199918429141 1.38859226183051 0
3.27822770750441 1.35642213762551 0
3.25102467494446 1.3270964659445 0
3.21859750580847 1.30367684379072 0
3.18562543306617 1.28103081943597 0
3.14981012230474 1.26321892691825 0
3.11399481154331 1.24540703440054 0
3.07817950078189 1.22759514188283 0
3.04263741298999 1.20924412023843 0
3.0084250819054 1.1885193427545 0
2.97421275082081 1.16779456527057 0
2.93757349657739 1.15174573202681 0
2.90026699213499 1.13731573804591 0
2.86047125588473 1.14135298665101 0
2.82080401729157 1.14650179062798 0
2.80916385251626 1.10823291862993 0
2.80172818579207 1.06893010880206 0
2.78126913747514 1.03455821124075 0
2.75573245003367 1.00377059044087 0
2.73150161916902 0.971945021544012 0
2.70487106291034 0.942098523033247 0
2.67221443733007 0.918999934208175 0
2.63987090649085 0.895464938715244 0
2.60811578065078 0.871141863603704 0
2.57593948235821 0.847378744528392 0
2.54822426178544 0.818536647714827 0
2.51115694698799 0.803502879933373 0
2.47116064863523 0.804047047257901 0
2.43116435028247 0.804591214582428 0
2.39467956769024 0.78819424415502 0
2.35814495538408 0.771908603128707 0
2.31816207704376 0.770738372543137 0
2.27817919870344 0.769568141957566 0
2.23819632036311 0.768397911371996 0
2.19819673385763 0.768579788777554 0
2.15881324168926 0.775575540675884 0
2.11942974952088 0.782571292574213 0
2.08012480928686 0.789995689734878 0
2.04110552091977 0.798798821866477 0
2.00208623255269 0.807601953998075 0
1.96303437149018 0.816259444832844 0
1.92342962124694 0.821868701305061 0
1.88382487100371 0.827477957777279 0
1.84422012076048 0.833087214249497 0
1.80461537051725 0.838696470721713 0
1.76461538356698 0.838728781377425 0
1.72481159797086 0.834771679885413 0
1.68500781237475 0.830814578393402 0
1.64523505854043 0.826556873326785 0
1.60553367749566 0.821678313791622 0
1.56583229645089 0.81679975425646 0
1.52613091540612 0.811921194721298 0
1.48642953436135 0.807042635186136 0
1.45034632602176 0.789779898557149 0
1.41559785824248 0.769967175700543 0
1.38315790702834 0.74656526199196 0
1.35619589126277 0.717017847454351 0
1.33002770523991 0.686765144430113 0
1.30586693748949 0.654886353648305 0
1.281538666984 0.623135207933356 0
1.2521465291989 0.596004003824034 0
1.22248072202903 0.56917230829505 0
1.190253284546 0.592866026308011 0
1.20369474685186 0.63053998403852 0
1.21713620915772 0.66821394176903 0
1.23057767146358 0.705887899499539 0
1.2461914852895 0.742714640026079 0
1.27003225081847 0.774833449141499 0
1.29387301634744 0.806952258256919 0
1.32414835524022 0.833094252345487 0
1.35698218588364 0.855940249046859 0
1.39275927352364 0.873828792866858 0
1.42836950955144 0.892047220077901 0
1.46165152132495 0.91423522792691 0
1.49614723900118 0.934484807231239 0
1.53501184453109 0.943947493795045 0
1.573876450061 0.953410180358848 0
1.60820609560031 0.973940047312745 0
1.6426398775453 0.994294768164803 0
1.68001512567917 1.00854576205757 0
1.71739037381304 1.02279675595034 0
1.75566452418533 1.03441955308695 0
1.79518239796961 1.04061129367988 0
1.83470027175388 1.04680303427281 0
1.87421814553815 1.05299477486573 0
1.91353201053865 1.06037176739132 0
1.9513118824069 1.07351259238897 0
1.98909175427515 1.08665341738662 0
2.02687162614339 1.09979424238427 0
2.06488872029171 1.11223211006801 0
2.10315610815176 1.12387715306357 0
2.14142349601181 1.13552219605914 0
2.17286326206491 1.16025155331982 0
2.20017305818521 1.18947782636083 0
2.22491250266945 1.22090965555691 0
2.26068959030945 1.23879819937691 0
2.28921055868342 1.26684377590889 0
2.31397235400715 1.29825800027215 0
2.32338464203949 1.33713484214487 0
2.33279693007184 1.37601168401759 0
2.34372355628812 1.41449036434229 0
2.35507664178555 1.45284538291467 0
2.36642972728298 1.49120040148706 0
2.37758117090923 1.52961453046391 0
2.38312581061982 1.56922837867992 0
2.37552493435719 1.60849957270353 0
2.36617712200825 1.64739196790218 0
2.35647569700679 1.686197667908 0
2.33698833107973 1.72112963849691 0
2.3098810904455 1.75054387833406 0
2.2756205442521 1.77118885289279 0
2.24086597673567 1.7909908739196 0
2.20518117117789 1.80906280387474 0
2.16893384557808 1.82597822248799 0
2.13268651997827 1.84289364110124 0
2.09643919437845 1.85980905971448 0
2.06019186877864 1.87672447832773 0
2.02394454317883 1.89363989694097 0
1.98749075737126 1.91010566446925 0
1.95098219282666 1.92644961487585 0
1.91447362828206 1.94279356528244 0
1.87796506373747 1.95913751568903 0
1.84130556975156 1.97514006238315 0
1.80439881079825 1.99056378254274 0
1.76749205184493 2.00598750270234 0
1.73058529289161 2.02141122286194 0
1.69367853393829 2.03683494302153 0
1.65671806482046 2.05212950815397 0
1.61961344463594 2.06707096594639 0
1.58250882445143 2.08201242373882 0
1.54540420426691 2.09695388153124 0
1.50773893313914 2.11041966598191 0
1.46958170009832 2.12242073121249 0
1.4314244670575 2.13442179644307 0
1.39193355998691 2.14078326315619 0
1.35193432204408 2.14053635428 0
1.31193508410126 2.14028944540381 0
1.27193584615843 2.14004253652762 0
1.23193660821561 2.13979562765143 0
1.19193737027279 2.13954871877524 0
1.15193813232996 2.13930180989905 0
1.11193889438714 2.13905490102286 0
1.07323221306084 2.12896565820168 0
1.0348802885525 2.11760212501403 0
0.99705910805857 2.10458066941008 0
0.961282020418564 2.08669212559008 0
0.925504932778567 2.06880358177008 0
0.89100825620748 2.04855563605824 0
0.859773503829757 2.02356783415607 0
0.828538751452042 1.99858003225389 0
0.797420202062455 1.97344766499795 0
0.772757642237542 1.94195547322152 0
0.748095082412635 1.9104632814451 0
0.721700293304028 1.88040808043242 0
0.723327467476488 1.84044119033308 0
0.763327010263869 1.84063244095585 0
0.801986415340929 1.85090134542944 0
0.835553423841486 1.87265579187892 0
0.865426493290027 1.89925653851736 0
0.90381598957036 1.91049248864819 0
0.94180665845961 1.92301083827371 0
0.979377255411239 1.93673855639065 0
1.01694785236287 1.95046627450759 0
1.05686784259321 1.95299498564369 0
1.0968388492035 1.95451769065741 0
1.13678798721266 1.95653421547128 0
1.17670364897559 1.95913035607375 0
1.21661931073851 1.96172649667621 0
1.25590062572755 1.95417809997673 0
1.2931655902869 1.93964116713686 0
1.33043055484624 1.925104234297 0
1.36769551940559 1.91056730145714 0
1.40496048396493 1.89603036861727 0
1.44273310973849 1.88286872957911 0
1.48065267229929 1.87013661368278 0
1.51782340222287 1.85536038828691 0
1.55427786307172 1.83889611532331 0
1.59073232392057 1.8224318423597 0
1.6271867847694 1.8059675693961 0
1.58724636644441 1.80814999557449 0
1.54957668998061 1.82160345145442 0
1.51190701351682 1.83505690733435 0
1.47423733705302 1.84851036321427 0
1.43447174280475 1.8528344254341 0
1.39458733954244 1.85587323711123 0
1.35473568658813 1.85931500363574 0
1.31493726530406 1.86332569725351 0
1.27513884402 1.86733639087129 0
1.23513937354475 1.8671305712918 0
1.19575894084719 1.86011761752374 0
1.15738304375868 1.84883530735907 0
1.11988851329791 1.83490116994314 0
1.08533735726197 1.81474632892218 0
1.05078620122603 1.79459148790121 0
1.0162350451901 1.77443664688025 0
0.985321692129848 1.7490523091388 0
0.955406781967508 1.72249862483739 0
0.92553458471848 1.6958968987371 0
0.89791555485118 1.66696267697136 0
0.870296524983881 1.63802845520562 0
0.842524504912822 1.60924104647937 0
0.814732024075647 1.58047339087598 0
0.835915332453729 1.54654305863241 0
0.875914848189807 1.54634623160397 0
0.915298941627511 1.55333859773349 0
0.954211810906196 1.56260081153473 0
0.991852695876568 1.57613461287239 0
1.02949358084694 1.58966841421005 0
1.06676993661939 1.60417611217788 0
1.10513803783138 1.61548490563194 0
1.14377418167757 1.62584098542576 0
1.18330211268524 1.63196819280377 0
1.22330011283524 1.63236817280527 0
1.2632741526093 1.63092728969339 0
1.2989706636554 1.61287849197346 0
1.3346671747015 1.59482969425352 0
1.36887882258439 1.5741037889865 0
1.40259024273429 1.55257380636976 0
1.43630166288418 1.53104382375302 0
1.47030760131496 1.50998210132959 0
1.50465610465303 1.48948380095042 0
1.53598075044209 1.46460878203205 0
1.56775948238794 1.44031655702251 0
1.60450401467708 1.42451024983668 0
1.64124854696621 1.40870394265085 0
1.67799307925535 1.39289763546502 0
1.71473761154448 1.37709132827919 0
1.75238144015574 1.36356571674087 0
1.79048454587562 1.35139389130258 0
1.8304400981018 1.34950872650847 0
1.87043944505657 1.34928015881158 0
1.91043879201134 1.3490515911147 0
1.95043813896611 1.34882302341781 0
1.98773788223666 1.36327048520013 0
2.02324850762177 1.38168231522212 0
2.05875913300688 1.4000941452441 0
2.02855430320234 1.37387071571097 0
1.99631108383437 1.35019847870664 0
1.96206684568843 1.32952646492461 0
1.92699434934158 1.31029316047634 0
1.88938797768796 1.29666375069271 0
1.85075778599866 1.28628549023887 0
1.81212759430935 1.27590722978503 0
1.77349740262005 1.26552896933118 0
1.73364336603102 1.26211491491444 0
1.69364788784882 1.26271635067658 0
1.65365240966659 1.26331778643872 0
1.61365693148437 1.26391922220086 0
1.57365693195858 1.26392538145205 0
1.53365720228456 1.26377832362237 0
1.49365747261054 1.26363126579268 0
1.45365774293652 1.263484207963 0
1.41365801326251 1.26333715013332 0
1.37365828358848 1.26319009230363 0
1.33365855391445 1.26304303447395 0
1.29365882424043 1.26289597664426 0
1.25435847325842 1.25544732490784 0
1.21516799671475 1.24744066840967 0
1.17655133283099 1.2370121847956 0
1.14207396422468 1.21673137973307 0
1.11320013562383 1.18904921901666 0
1.0916577110098 1.15534574824956 0
1.07011528639578 1.12164227748245 0
1.04955278212237 1.08733217083724 0
1.0336610483496 1.05062450409451 0
1.01776931457683 1.01391683735178 0
1.00187758080407 0.977209170609049 0
0.985985847031296 0.940501503866316 0
0.970060597620595 0.903808365117946 0
0.951308516934536 0.868476234274414 0
0.932556436248482 0.83314410343089 0
0.955938857349708 0.800690099310517 0
0.979869961693202 0.768638543265589 0
1.00674955795373 0.73901613106011 0
1.03362915421426 0.709393718854632 0
1.00084203249668 0.73230669878909 0
0.968530394582315 0.755885461591468 0
0.937015726278159 0.780519293645748 0
0.906523963111405 0.806408526523182 0
0.870413675719317 0.823614547110795 0
0.83080461551509 0.829193287984629 0
0.792817254744757 0.841721672625307 0
0.759091695002018 0.86322949957363 0
0.725366135259278 0.884737326521954 0
0.69164057551653 0.906245153470282 0
0.657915015773799 0.927752980418601 0
0.624232565261637 0.949328256256837 0
0.59067727482022 0.971100772955467 0
0.55712198437881 0.992873289654092 0
0.523566693937393 1.01464580635272 0
0.496059967605439 1.04368681195685 0
0.473371046052014 1.07662938075077 0
0.45068212449859 1.10957194954468 0
0.427993202945155 1.14251451833861 0
0.405247727820106 1.17541806467235 0
0.382381508367839 1.20823781494502 0
0.359515288915572 1.24105756521768 0
0.336649069463299 1.27387731549036 0
0.316776664139589 1.23916294517128 0
0.318204171100117 1.19918842548839 0
0.322184319860957 1.15938693787999 0
0.326164468621797 1.11958545027159 0
0.33007914914816 1.0797774702126 0
0.330930020407785 1.03978652101032 0
0.331780891667408 0.999795571808045 0
0.365712958411889 0.978615041917421 0
0.327025936918042 0.968450674355483 0
0.287113412402013 0.971094608310368 0
0.262288359143495 0.973098799054883 0
