0.927913 -0.0461864 0
0.94749 -0.0731279 0
0.967017 -0.100289 0
0.986571 -0.127545 0
1.00601 -0.155229 0
1.02544 -0.183378 0
1.04443 -0.212004 0
1.06327 -0.241173 0
1.0819 -0.270539 0
1.09971 -0.300392 0
1.11703 -0.330837 0
1.13398 -0.361793 0
1.15035 -0.392811 0
1.16586 -0.424407 0
1.17588 -0.45791 0
1.18263 -0.492162 0
1.18894 -0.526412 0
1.19449 -0.560932 0
1.19955 -0.595759 0
1.20407 -0.630439 0
1.20734 -0.665117 0
1.21023 -0.699786 0
1.21262 -0.734163 0
1.21428 -0.768429 0
1.21559 -0.802652 0
1.21639 -0.836468 0
1.21627 -0.869942 0
1.21615 -0.903216 0
1.21542 -0.936124 0
1.21482 -0.968816 0
1.21406 -1.00108 0
1.2133 -1.03308 0
1.21233 -1.0647 0
1.21129 -1.09611 0
1.21035 -1.12723 0
1.20927 -1.15799 0
1.20855 -1.18824 0
1.20785 -1.21822 0
1.20765 -1.24793 0
1.20766 -1.27735 0
1.20764 -1.3065 0
1.2096 -1.33548 0
1.21291 -1.36405 0
1.21615 -1.39264 0
1.22021 -1.42086 0
1.22461 -1.44887 0
1.22923 -1.47696 0
1.23511 -1.5046 0
1.24108 -1.53262 0
1.24804 -1.56084 0
1.25718 -1.58763 0
1.26837 -1.61512 0
1.28445 -1.64455 0
1.30386 -1.60592 0
1.32325 -1.56843 0
1.34354 -1.53324 0
1.36354 -1.49878 0
1.38393 -1.4655 0
1.40434 -1.43275 0
1.42472 -1.40079 0
1.44558 -1.36897 0
1.46637 -1.33768 0
1.48944 -1.30841 0
1.51308 -1.27984 0
1.5367 -1.25168 0
1.56079 -1.22366 0
1.58496 -1.19601 0
1.60907 -1.16884 0
1.63363 -1.14181 0
1.65819 -1.11514 0
1.68264 -1.08902 0
1.70728 -1.06314 0
1.73191 -1.03769 0
1.7564 -1.01258 0
1.78076 -0.987761 0
1.80695 -0.965334 0
1.83609 -0.947186 0
1.86535 -0.928998 0
1.89468 -0.910972 0
1.92407 -0.893113 0
1.95349 -0.875418 0
1.98291 -0.857916 0
2.01225 -0.840684 0
2.04161 -0.823573 0
2.07091 -0.80671 0
2.1001 -0.789972 0
2.12941 -0.773812 0
2.16148 -0.764416 0
2.19364 -0.755121 0
2.22578 -0.745959 0
2.25791 -0.736839 0
2.29003 -0.727814 0
2.32207 -0.718946 0
2.35401 -0.710146 0
2.38587 -0.701453 0
2.41765 -0.692785 0
2.44929 -0.684231 0
2.48082 -0.675677 0
2.51218 -0.667141 0
2.54338 -0.658556 0
2.5745 -0.650025 0
2.60532 -0.641366 0
2.63608 -0.632749 0
2.66657 -0.623923 0
2.69679 -0.614999 0
2.72688 -0.606086 0
2.7551 -0.593221 0
2.78333 -0.580053 0
2.81111 -0.566345 0
2.83879 -0.552461 0
2.86653 -0.538415 0
2.8938 -0.524044 0
2.92078 -0.509391 0
2.9478 -0.494322 0
2.97419 -0.478585 0
3.00049 -0.46262 0
3.02689 -0.446401 0
3.05273 -0.429829 0
3.07825 -0.412922 0
3.10384 -0.395446 0
3.12862 -0.377291 0
3.15334 -0.358839 0
3.17816 -0.339961 0
3.20239 -0.320709 0
3.22638 -0.301069 0
3.25047 -0.280746 0
3.27387 -0.25993 0
3.29736 -0.238831 0
3.32097 -0.217304 0
3.34418 -0.195481 0
3.36737 -0.173429 0
3.39026 -0.150919 0
3.41304 -0.12815 0
3.43568 -0.104942 0
3.46825 -0.106677 0
3.47695 -0.138384 0
3.48496 -0.170782 0
3.49241 -0.203498 0
3.49953 -0.236455 0
3.50636 -0.269692 0
3.51283 -0.303085 0
3.51927 -0.336456 0
3.51814 -0.339024 0
3.50374 -0.370374 0
3.48843 -0.401901 0
3.47288 -0.433281 0
3.45647 -0.464863 0
3.43939 -0.496498 0
3.42199 -0.527876 0
3.40393 -0.558972 0
3.38516 -0.590071 0
3.36591 -0.62107 0
3.34601 -0.65159 0
3.32563 -0.681856 0
3.30506 -0.711513 0
3.28265 -0.739737 0
3.25962 -0.767748 0
3.23625 -0.795459 0
3.21279 -0.822673 0
3.18871 -0.849486 0
3.16442 -0.875956 0
3.1401 -0.901953 0
3.11538 -0.927619 0
3.09047 -0.95295 0
3.06558 -0.977752 0
3.04029 -1.00215 0
3.01517 -1.02641 0
2.99038 -1.05056 0
2.96518 -1.07441 0
2.94005 -1.09799 0
2.91506 -1.12115 0
2.88997 -1.14405 0
2.86492 -1.16674 0
2.83998 -1.18909 0
2.8151 -1.2113 0
2.79028 -1.23333 0
2.76556 -1.25522 0
2.74092 -1.27692 0
2.71639 -1.2985 0
2.69195 -1.31986 0
2.66772 -1.34111 0
2.64367 -1.36225 0
2.61987 -1.3833 0
2.59725 -1.40538 0
2.57478 -1.42764 0
2.55249 -1.44978 0
2.5304 -1.47195 0
2.50853 -1.49402 0
2.48675 -1.51597 0
2.46531 -1.53814 0
2.444 -1.56023 0
2.42297 -1.58237 0
2.4022 -1.60447 0
2.38149 -1.62653 0
2.36127 -1.64892 0
2.34019 -1.67025 0
2.31913 -1.6914 0
2.29877 -1.71293 0
2.27873 -1.73447 0
2.25872 -1.7561 0
2.23919 -1.77791 0
2.22007 -1.79973 0
2.20102 -1.8217 0
2.18255 -1.84386 0
2.16455 -1.8665 0
2.14593 -1.88838 0
2.12809 -1.9107 0
2.11065 -1.93311 0
2.09327 -1.95585 0
2.07668 -1.97904 0
2.06038 -2.00232 0
2.04415 -2.02591 0
2.02949 -2.05054 0
2.01427 -2.07521 0
2.01086 -2.10491 0
2.00967 -2.13588 0
2.00787 -2.1676 0
2.00593 -2.19981 0
2.00357 -2.23245 0
2.00097 -2.26524 0
1.99803 -2.29821 0
1.99484 -2.33139 0
1.9913 -2.3646 0
1.98747 -2.39759 0
1.97234 -2.42678 0
1.95392 -2.4538 0
1.93552 -2.48076 0
1.91729 -2.50789 0
1.89895 -2.53514 0
1.88042 -2.56229 0
1.86178 -2.58914 0
1.83587 -2.60856 0
1.80912 -2.62625 0
1.78254 -2.64369 0
1.75656 -2.66215 0
1.73042 -2.6806 0
1.70415 -2.6992 0
1.67787 -2.71814 0
1.65134 -2.73698 0
1.62479 -2.75603 0
1.59273 -2.76141 0
1.56038 -2.76416 0
1.52801 -2.76702 0
1.49561 -2.76975 0
1.46328 -2.77232 0
1.43144 -2.76645 0
1.40042 -2.7574 0
1.36947 -2.74826 0
1.33855 -2.73934 0
1.30771 -2.73037 0
1.27677 -2.7217 0
1.24583 -2.71302 0
1.21484 -2.70432 0
1.18576 -2.69051 0
1.16061 -2.67047 0
1.13554 -2.65045 0
1.11042 -2.6307 0
1.08546 -2.61085 0
1.06016 -2.59155 0
1.03489 -2.57214 0
1.00969 -2.55267 0
0.984223 -2.53353 0
0.958671 -2.51431 0
0.934324 -2.49342 0
0.919931 -2.46455 0
0.905779 -2.43571 0
0.891537 -2.40711 0
0.877513 -2.37854 0
0.862932 -2.35034 0
0.848466 -2.32207 0
0.833734 -2.2939 0
0.818996 -2.26568 0
0.805721 -2.23663 0
0.804124 -2.20459 0
0.80245 -2.17271 0
0.800831 -2.14097 0
0.799355 -2.10941 0
0.797551 -2.07812 0
0.79596 -2.047 0
0.793851 -2.01597 0
0.79134 -1.98515 0
0.788875 -1.95451 0
0.785808 -1.92389 0
0.782648 -1.89335 0
0.780441 -1.86264 0
0.77958 -1.8318 0
0.778654 -1.80099 0
0.777607 -1.77008 0
0.776095 -1.7391 0
0.774523 -1.70791 0
0.772407 -1.67647 0
0.770418 -1.64479 0
0.768407 -1.61287 0
0.766398 -1.58062 0
0.764679 -1.54803 0
0.763104 -1.5153 0
0.761678 -1.48219 0
0.760328 -1.44915 0
0.759439 -1.41605 0
0.758822 -1.3829 0
0.758808 -1.3497 0
0.759127 -1.31653 0
0.759783 -1.28364 0
0.761193 -1.25084 0
0.762812 -1.21828 0
0.764706 -1.18614 0
0.767033 -1.15417 0
0.769486 -1.12263 0
0.772227 -1.09173 0
0.774381 -1.06137 0
0.77223 -1.03152 0
0.769601 -1.00168 0
0.766814 -0.972303 0
0.763987 -0.943228 0
0.76092 -0.914406 0
0.757601 -0.88615 0
0.754163 -0.858182 0
0.749774 -0.830329 0
0.745038 -0.80281 0
0.740145 -0.775394 0
0.734688 -0.748278 0
0.728834 -0.721612 0
0.722554 -0.694912 0
0.715638 -0.66819 0
0.710777 -0.641207 0
0.7076 -0.614284 0
0.70395 -0.587932 0
0.700045 -0.56261 0
0.696416 -0.538131 0
0.689889 -0.514424 0
0.684939 -0.491476 0
0.660303 -0.485938 0
0.631023 -0.479695 0
0.599427 -0.471545 0
0.565791 -0.462798 0
0.528487 -0.463831 0
0.493057 -0.482939 0
0.458048 -0.500807 0
0.422683 -0.516936 0
0.386883 -0.532498 0
0.351072 -0.547288 0
0.314927 -0.561242 0
0.278488 -0.575239 0
0.242133 -0.588143 0
0.205554 -0.600635 0
0.169121 -0.612561 0
0.132428 -0.623677 0
0.095519 -0.634508 0
0.0587211 -0.644454 0
0.0215575 -0.65406 0
-0.0156245 -0.663294 0
-0.0519675 -0.674558 0
-0.0877921 -0.686468 0
-0.123199 -0.697928 0
-0.158649 -0.708783 0
-0.193988 -0.719391 0
-0.228977 -0.729411 0
-0.263684 -0.739211 0
-0.297982 -0.74862 0
-0.332465 -0.755597 0
-0.367453 -0.757522 0
-0.402637 -0.759466 0
-0.437798 -0.761221 0
-0.473109 -0.762816 0
-0.508229 -0.764139 0
-0.543287 -0.765319 0
-0.578159 -0.766206 0
-0.612957 -0.764896 0
-0.64768 -0.763477 0
-0.682356 -0.761949 0
-0.716848 -0.76028 0
-0.751385 -0.758563 0
-0.785658 -0.756668 0
-0.819936 -0.754673 0
-0.854061 -0.752574 0
-0.88799 -0.750379 0
-0.92141 -0.745729 0
-0.954437 -0.739746 0
-0.987567 -0.733853 0
-1.0206 -0.727916 0
-1.05348 -0.721901 0
-1.08636 -0.715917 0
-1.1191 -0.709966 0
-1.15172 -0.704008 0
-1.18434 -0.697997 0
-1.21678 -0.69187 0
-1.24778 -0.681695 0
-1.27879 -0.671645 0
-1.30974 -0.661737 0
-1.34055 -0.651915 0
-1.37126 -0.642119 0
-1.40205 -0.632467 0
-1.43273 -0.622809 0
-1.46334 -0.6132 0
-1.49277 -0.601206 0
-1.52189 -0.589039 0
-1.5509 -0.577227 0
-1.57975 -0.565469 0
-1.60877 -0.554045 0
-1.63755 -0.542599 0
-1.66624 -0.531511 0
-1.69469 -0.520723 0
-1.72291 -0.51004 0
-1.75179 -0.501953 0
-1.78175 -0.496912 0
-1.81192 -0.492225 0
-1.84207 -0.487865 0
-1.87233 -0.483519 0
-1.90264 -0.479372 0
-1.93318 -0.475359 0
-1.9629 -0.46781 0
-1.99077 -0.455968 0
-2.01835 -0.444264 0
-2.04562 -0.432978 0
-2.0728 -0.422077 0
-2.09984 -0.411591 0
-2.12703 -0.401318 0
-2.15424 -0.39143 0
-2.18146 -0.381827 0
-2.20833 -0.37096 0
-2.23501 -0.360058 0
-2.26163 -0.349273 0
-2.28834 -0.338989 0
-2.31502 -0.328903 0
-2.34192 -0.318979 0
-2.36882 -0.309663 0
-2.39614 -0.300595 0
-2.4238 -0.291859 0
-2.45164 -0.283784 0
-2.47784 -0.270678 0
-2.50256 -0.254855 0
-2.52762 -0.240121 0
-2.55305 -0.226046 0
-2.57891 -0.213729 0
-2.6047 -0.202621 0
-2.63134 -0.192472 0
-2.65873 -0.184864 0
-2.68599 -0.178352 0
-2.71516 -0.174484 0
-2.74492 -0.169491 0
-2.77507 -0.161633 0
-2.8057 -0.156351 0
-2.83676 -0.153127 0
-2.8682 -0.152267 0
-2.89994 -0.154127 0
-2.93194 -0.158811 0
-2.96465 -0.163755 0
-2.93676 -0.145536 0
-2.90695 -0.12897 0
-2.87527 -0.114877 0
-2.84212 -0.103513 0
-2.80821 -0.0936273 0
-2.7776 -0.0763619 0
-2.74538 -0.0607906 0
-2.71154 -0.0461725 0
-2.6765 -0.0341962 0
-2.63981 -0.0236426 0
-2.60291 -0.0148259 0
-2.56559 -0.00888314 0
-2.52722 -0.00395968 0
-2.48851 1.17446e-005 0
-2.4495 0.00157258 0
-2.40669 0.00806247 0
-2.42959 0.0153932 0
-2.45282 0.0211385 0
-2.47804 0.0250788 0
-2.50435 0.0249271 0
-2.532 0.0243607 0
-2.56047 0.0217926 0
-2.58891 0.0172917 0
-2.61771 0.0123136 0
-2.6472 0.00651883 0
-2.67637 -0.0010651 0
-2.70552 -0.00925693 0
-2.73517 -0.018437 0
-2.7647 -0.0286008 0
-2.7943 -0.0392891 0
-2.82456 -0.0495701 0
-2.85467 -0.0374927 0
-2.8848 -0.0260499 0
-2.91487 -0.0152959 0
-2.94546 -0.00519373 0
-2.97666 0.00383401 0
-3.00808 0.0120671 0
-3.03988 0.019239 0
-3.07146 0.0292963 0
-3.04049 0.0410477 0
-3.00874 0.0520614 0
-2.97647 0.0620031 0
-2.94396 0.0710824 0
-2.91091 0.0793082 0
-2.8772 0.0870046 0
-2.84583 0.100838 0
-2.81419 0.114626 0
-2.78189 0.127615 0
-2.74881 0.139999 0
-2.71549 0.151675 0
-2.68156 0.161982 0
-2.64746 0.171755 0
-2.61226 0.179917 0
-2.5757 0.18673 0
-2.53894 0.192223 0
-2.50049 0.194697 0
-2.46225 0.195478 0
-2.4234 0.193697 0
-2.38265 0.189532 0
-2.34059 0.185443 0
-2.36524 0.193612 0
-2.39043 0.200593 0
-2.41726 0.206182 0
-2.44491 0.209268 0
-2.47286 0.211963 0
-2.50192 0.212582 0
-2.53107 0.212312 0
-2.56114 0.210976 0
-2.59129 0.208179 0
-2.62165 0.20478 0
-2.65269 0.200539 0
-2.68393 0.195297 0
-2.71496 0.202058 0
-2.74591 0.209641 0
-2.77747 0.216754 0
-2.80929 0.223417 0
-2.82964 0.249616 0
-2.80121 0.266984 0
-2.77234 0.284091 0
-2.7427 0.300817 0
-2.71251 0.317173 0
-2.68161 0.332627 0
-2.65046 0.347659 0
-2.61811 0.361082 0
-2.58377 0.370945 0
-2.54889 0.379218 0
-2.51285 0.386285 0
-2.47668 0.392103 0
-2.44009 0.395769 0
-2.40265 0.39809 0
-2.36554 0.397859 0
-2.32796 0.396378 0
-2.29069 0.393764 0
-2.25303 0.391654 0
-2.21624 0.39268 0
-2.17958 0.392854 0
-2.14294 0.392735 0
-2.10648 0.392353 0
-2.06984 0.391401 0
-2.03332 0.389875 0
-1.99658 0.387978 0
-1.95982 0.385828 0
-1.92299 0.382852 0
-1.88573 0.379705 0
-1.84844 0.384982 0
-1.81283 0.393471 0
-1.77768 0.401699 0
-1.7431 0.409437 0
-1.70854 0.416602 0
-1.67421 0.423466 0
-1.6402 0.429692 0
-1.60629 0.435109 0
-1.57548 0.445768 0
-1.55823 0.471636 0
-1.54143 0.497387 0
-1.52507 0.523495 0
-1.50954 0.550128 0
-1.49346 0.576538 0
-1.47708 0.602299 0
-1.46903 0.630794 0
-1.46792 0.660622 0
-1.46794 0.690482 0
-1.46766 0.720423 0
-1.46809 0.750219 0
-1.47007 0.779608 0
-1.47532 0.808642 0
-1.48082 0.837517 0
-1.48668 0.866522 0
-1.49395 0.895135 0
-1.50147 0.923551 0
-1.50939 0.952087 0
-1.51872 0.97996 0
-1.53036 1.00727 0
-1.54729 1.03139 0
-1.56478 1.05588 0
-1.58356 1.07948 0
-1.60267 1.10271 0
-1.62244 1.12588 0
-1.64527 1.14634 0
-1.67295 1.16012 0
-1.70089 1.17352 0
-1.72954 1.18665 0
-1.75874 1.19951 0
-1.7717 1.22856 0
-1.7764 1.25995 0
-1.77985 1.29142 0
-1.76821 1.32092 0
-1.7577 1.34998 0
-1.74815 1.37827 0
-1.74129 1.40694 0
-1.73643 1.43489 0
-1.73323 1.46374 0
-1.73329 1.49236 0
-1.7342 1.52118 0
-1.73834 1.54961 0
-1.74299 1.57839 0
-1.75018 1.60688 0
-1.75768 1.63478 0
-1.76722 1.66151 0
-1.77759 1.68703 0
-1.7891 1.71246 0
-1.80334 1.73652 0
-1.81785 1.75987 0
-1.83279 1.78339 0
-1.85013 1.80519 0
-1.86802 1.82618 0
-1.88708 1.84705 0
-1.90797 1.86611 0
-1.93015 1.88556 0
-1.95219 1.90581 0
-1.97099 1.92966 0
-1.99075 1.95363 0
-2.01155 1.9755 0
-2.03152 2.00061 0
-1.99897 1.99307 0
-1.96819 2.00784 0
-1.95363 2.03695 0
-1.9528 2.06905 0
-1.92245 2.0551 0
-1.88873 2.04741 0
-1.86607 2.07054 0
-1.86194 2.10244 0
-1.84195 2.07618 0
-1.81743 2.05229 0
-1.79329 2.02701 0
-1.77001 2.00034 0
-1.74667 1.97236 0
-1.72496 1.94283 0
-1.70406 1.91169 0
-1.68461 1.88002 0
-1.66788 1.84676 0
-1.65243 1.81217 0
-1.63888 1.77759 0
-1.62829 1.74203 0
-1.61929 1.7055 0
-1.61235 1.66953 0
-1.60964 1.63338 0
-1.60967 1.59746 0
-1.61243 1.56182 0
-1.61651 1.52568 0
-1.62217 1.48999 0
-1.63165 1.45425 0
-1.64218 1.41956 0
-1.646 1.38231 0
-1.63791 1.34731 0
-1.63019 1.31315 0
-1.61541 1.28218 0
-1.58606 1.26472 0
-1.55708 1.24633 0
-1.52814 1.22754 0
-1.49979 1.20776 0
-1.47138 1.18715 0
-1.44405 1.16554 0
-1.41682 1.14287 0
-1.39025 1.11968 0
-1.36482 1.09549 0
-1.33954 1.07058 0
-1.31477 1.04533 0
-1.29076 1.01852 0
-1.26706 0.991443 0
-1.24006 0.967182 0
-1.21276 0.943977 0
-1.18557 0.920367 0
-1.15879 0.896571 0
-1.13322 0.871734 0
-1.10772 0.846509 0
-1.08053 0.82326 0
-1.04632 0.815159 0
-1.01262 0.807481 0
-0.979446 0.799888 0
-0.946698 0.792471 0
-0.914243 0.785083 0
-0.881796 0.778307 0
-0.848993 0.77403 0
-0.81634 0.769976 0
-0.783849 0.766211 0
-0.751302 0.762456 0
-0.718825 0.75883 0
-0.686212 0.755167 0
-0.65401 0.748592 0
-0.623939 0.736499 0
-0.593915 0.724613 0
-0.563934 0.712787 0
-0.534172 0.700969 0
-0.504527 0.689366 0
-0.474947 0.677826 0
-0.445543 0.666516 0
-0.41612 0.65528 0
-0.386883 0.644198 0
-0.357709 0.633235 0
-0.328479 0.622324 0
-0.30066 0.609007 0
-0.27422 0.594182 0
-0.24821 0.57954 0
-0.222222 0.565369 0
-0.196531 0.551372 0
-0.170896 0.537808 0
-0.14558 0.524496 0
-0.120103 0.511662 0
-0.094798 0.499075 0
-0.069453 0.486591 0
-0.0439325 0.474388 0
-0.0184519 0.462221 0
0.00715762 0.449937 0
0.0323936 0.436782 0
0.0549322 0.419807 0
0.0770338 0.403122 0
0.0987819 0.386697 0
0.120901 0.370417 0
0.142755 0.354553 0
0.164462 0.338858 0
0.186369 0.324066 0
0.208144 0.309282 0
0.230768 0.295241 0
0.253213 0.281149 0
0.275978 0.267704 0
0.298638 0.254629 0
0.321443 0.241631 0
0.345058 0.229509 0
0.368698 0.217463 0
0.392499 0.205539 0
0.416893 0.194699 0
0.441461 0.184151 0
0.466728 0.173939 0
0.492478 0.16416 0
0.518433 0.154622 0
0.545326 0.145629 0
0.572695 0.136663 0
0.599639 0.124859 0
0.625922 0.111051 0
0.652495 0.0974849 0
0.679191 0.0841917 0
0.706395 0.0711672 0
0.73414 0.0583875 0
0.762177 0.0455417 0
0.790666 0.0328008 0
0.819593 0.0199781 0
0.848797 0.00699692 0
0.878359 -0.00595042 0
0.908011 -0.0196648 0
0.927913 -0.0461864 0
