873
-2.67738663207064 1.19343194239139 0
-2.66438989785508 1.23126162517793 0
-2.65139316363953 1.26909130796447 0
-2.6188494461207 1.29234870356362 0
-2.58025083124268 1.30284379429678 0
-2.54165221636464 1.31333888502994 0
-2.50214548666951 1.3196013373288 0
-2.47571502431022 1.28957750247258 0
-2.44928456195093 1.25955366761635 0
-2.4228520156717 1.22953166739657 0
-2.40398535834232 1.19426058517308 0
-2.38624036845605 1.15841207984949 0
-2.3684939328796 1.12256429017801 0
-2.34986208770755 1.08716860759545 0
-2.32810481151371 1.05360343319362 0
-2.30635146368538 1.02003571271309 0
-2.28459811585704 0.986467992232555 0
-2.26039748712161 0.954619451154355 0
-2.23442614938055 0.924197590331254 0
-2.2084487478054 0.893780907287185 0
-2.18247134623025 0.863364224243115 0
-2.19992560975222 0.899355177063308 0
-2.21821741863586 0.934927775053395 0
-2.23713277130065 0.970172766663078 0
-2.25715443295654 1.00480126741805 0
-2.27717765475328 1.0394288660769 0
-2.29720087655002 1.07405646473575 0
-2.31794766358257 1.10825545343171 0
-2.33901424034195 1.14225838482948 0
-2.36008081710132 1.17626131622724 0
-2.37913837400224 1.21142961907182 0
-2.35402800058234 1.24256591857439 0
-2.32891762716245 1.27370221807695 0
-2.28911007383993 1.26978320053745 0
-2.26167977437811 1.2406699961203 0
-2.23424947491629 1.21155679170314 0
-2.20556353661349 1.18367997438681 0
-2.17358226124302 1.15965502848305 0
-2.14160098587256 1.13563008257929 0
-2.10961971050209 1.11160513667553 0
-2.08293953483048 1.08180298530802 0
-2.0603759865708 1.04877441752294 0
-2.03781437823947 1.01574452455455 0
-1.9992145103064 1.02623500574224 0
-1.97239270125316 1.05590975189299 0
-1.94557131027774 1.08558487592211 0
-1.91096961317383 1.10565282443533 0
-1.87420328975565 1.12140837781532 0
-1.83743789659777 1.13716610182441 0
-1.8006725089879 1.15292383877791 0
-1.76390554903766 1.16867790669756 0
-1.72713942872227 1.18443393401901 0
-1.69037342768761 1.20019023967483 0
-1.65356670470758 1.21585118292455 0
-1.61669720076374 1.23136374811977 0
-1.57982769681991 1.24687631331498 0
-1.54295819287607 1.26238887851019 0
-1.50321850004231 1.26694484311475 0
-1.46322088806713 1.26738192009037 0
-1.42322324655442 1.2678162856296 0
-1.38322559546907 1.26824976879447 0
-1.34322794280467 1.26868310623541 0
-1.30323029858539 1.26911722247293 0
-1.26323264908397 1.2695508517634 0
-1.22323500034895 1.26998455173991 0
-1.18323735275277 1.27041835673312 0
-1.14323970407502 1.27085206199218 0
-1.10324205457361 1.27128569128265 0
-1.0632444462629 1.27172310347201 0
-1.0232468530662 1.27216189553101 0
-0.983249209274567 1.27259605116869 0
-0.94325155978759 1.27302968179139 0
-0.903253910514906 1.27346333217947 0
-0.863256261243848 1.27389698271809 0
-0.823258611978308 1.27433063376551 0
-0.783260962712769 1.27476428481292 0
-0.743263313447229 1.27519793586033 0
-0.703265664914506 1.27563165449338 0
-0.663268016960669 1.27606542650822 0
-0.623270368098664 1.27649911477368 0
-0.583272718890315 1.27693277109583 0
-0.543275069580274 1.27736641803849 0
-0.503277423034551 1.27780031987462 0
-0.463279825142702 1.27823868374416 0
-0.423282204369693 1.27867495487365 0
-0.383284567151311 1.27910971566619 0
-0.343287626181934 1.27861503082502 0
-0.303336624248422 1.27663577730189 0
-0.263385622314919 1.27465652377876 0
-0.223434620381416 1.27267727025564 0
-0.184547395220774 1.26330797362753 0
-0.146335702316516 1.25148145573802 0
-0.108124009412258 1.23965493784852 0
-0.0699277695122105 1.22777860602858 0
-0.0319147475398052 1.21532829838077 0
0.00609827443260007 1.20287799073296 0
0.0441112964050133 1.19042768308515 0
0.080670806494601 1.17419801204692 0
0.114622797476236 1.15304943506447 0
0.148573521865495 1.13189882482635 0
0.182523364528897 1.11074679931743 0
0.216474937641958 1.08959755150224 0
0.250427073141135 1.06844920653046 0
0.284379208640311 1.04730086155868 0
0.318331240164565 1.02615234966359 0
0.352282154863154 1.00500204491096 0
0.386233069561743 0.983851740158318 0
0.420183984260332 0.96270143540568 0
0.460030965052529 0.959205992408574 0
0.496600078542693 0.975414013217526 0
0.532572581349063 0.992906269842838 0
0.535549272497716 1.03279535744591 0
0.538525963646369 1.07268444504898 0
0.541502654795022 1.11257353265205 0
0.547859293936093 1.15206521707841 0
0.559763930339873 1.19025264474897 0
0.57166856674365 1.22844007241952 0
0.583573203147428 1.26662750009008 0
0.590426173070801 1.3060360880276 0
0.59629093382657 1.34560380948433 0
0.60215647174358 1.38517141574177 0
0.613133377899196 1.42363578277479 0
0.639717083919439 1.45352401748728 0
0.666300789939682 1.48341225219978 0
0.692884495959925 1.51330048691227 0
0.725976485911639 1.53577091639271 0
0.761618683347253 1.55392673534865 0
0.79726088078286 1.57208255430459 0
0.832902282652335 1.59023993497412 0
0.86825149743899 1.60895979111585 0
0.829962430428381 1.62053335355172 0
0.790603245190658 1.61340211681311 0
0.750630619057507 1.61192253578478 0
0.710657992924356 1.61044295475645 0
0.670685366791205 1.60896337372811 0
0.646999196754509 1.64119635914667 0
0.630324105666166 1.67755487035375 0
0.628261036916755 1.7175016317661 0
0.649702297667787 1.75126955052646 0
0.67114348309834 1.78503751711215 0
0.692583447109413 1.81880625921493 0
0.706827122299402 1.85618429711263 0
0.719476384398011 1.89413157854834 0
0.732126338621918 1.93207862926554 0
0.748675239968807 1.96849475020408 0
0.780455355990995 1.99278516447837 0
0.812235472013177 2.01707557875266 0
0.844015588035358 2.04136599302695 0
0.877112974877914 2.0638284725026 0
0.91097126745697 2.08512673589733 0
0.944829560036026 2.10642499929206 0
0.978687852615082 2.12772326268679 0
1.01436334498404 2.14581357070608 0
1.05012564406983 2.16373166112046 0
1.08588682637733 2.1816519803132 0
1.12473393615432 2.19118623759809 0
1.16455945145972 2.1874541697183 0
1.20438496676512 2.18372210183852 0
1.24421048207053 2.17999003395873 0
1.27817873809972 2.20111247658109 0
1.30762765879832 2.22818203641658 0
1.33707657949693 2.25525159625208 0
1.37642702841334 2.26243088382653 0
1.41611809833258 2.26739263439113 0
1.45580916825184 2.27235438495572 0
1.4957794274591 2.27389658432805 0
1.53489808080308 2.26554607772344 0
1.57401673414706 2.25719557111884 0
1.61313538749103 2.24884506451423 0
1.65274329218065 2.24325812562983 0
1.69257378129094 2.23957952029154 0
1.7324041721814 2.23589985162255 0
1.77223456307186 2.23222018295356 0
1.81223064731884 2.2316605000896 0
1.8522289080978 2.23128749250534 0
1.89222712616103 2.23090993222371 0
1.93222534712771 2.23053267965532 0
1.97222357578244 2.23015624309454 0
2.01222181642539 2.22978108250446 0
2.05222007118121 2.22940742960583 0
2.09150790449755 2.22189303320245 0
2.12967085997009 2.20991017754944 0
2.16783381544263 2.19792732189643 0
2.20599677091517 2.18594446624343 0
2.24548408411344 2.17956072937687 0
2.28501085991181 2.17342607413096 0
2.32453763571017 2.16729141888505 0
2.36364889713191 2.15890635895681 0
2.4014608157459 2.14585803298262 0
2.43927304883952 2.13281061835467 0
2.47708569297541 2.11976439501407 0
2.49364933555925 2.08335497666724 0
2.49924992246405 2.04374899951325 0
2.49974396495438 2.00375205060439 0
2.48292345344725 1.96746058614457 0
2.46610294194012 1.93116912168475 0
2.44928243043298 1.89487765722493 0
2.43851125655883 1.85635517270779 0
2.43249631353262 1.81681000283344 0
2.42648137050641 1.77726483295909 0
2.42460215883206 1.73730900029998 0
2.43955098824413 1.70020734940397 0
2.4544998176562 1.66310569850796 0
2.46944864706827 1.62600404761196 0
2.48200047239094 1.5880244256935 0
2.49243424914776 1.54940919161951 0
2.502864574874 1.51079302524784 0
2.51329490060024 1.47217685887617 0
2.51698546704758 1.43234747626361 0
2.51989525267007 1.39245345230474 0
2.52280503829255 1.35255942834587 0
2.52520159674003 1.31263128654578 0
2.5259210540691 1.27263775730476 0
2.52664056515297 1.2326442290308 0
2.52736007623683 1.19265070075684 0
2.52296675235679 1.15289269898002 0
2.51472443215271 1.1137511078313 0
2.50648211194864 1.07460951668257 0
2.49656640719567 1.03585801607612 0
2.47197530987001 1.00430999026911 0
2.44738421254435 0.972761964462108 0
2.42279311521868 0.941213938655097 0
2.40245212652143 0.906772042963686 0
2.38815274570585 0.869415280412694 0
2.37385336489027 0.832058517861702 0
2.35955398407469 0.794701755310711 0
2.35474896550907 0.754991406576607 0
2.35186600275479 0.715095435279275 0
2.3489830400005 0.675199463981943 0
2.34517878238488 0.635380779624043 0
2.337708939453 0.596084450958719 0
2.33023909652112 0.556788122293403 0
2.32276925358924 0.517491793628079 0
2.30761676445367 0.480472851544376 0
2.28686238158701 0.446278472008787 0
2.26610799872036 0.412084092473198 0
2.23709348929318 0.384549419010447 0
2.19761039831644 0.378139619721682 0
2.15812730733969 0.371729820432916 0
2.11864425179542 0.365319802890993 0
2.08435906023744 0.385923822883048 0
2.05514669105114 0.413248490978435 0
2.02593432186484 0.440573159073817 0
2.00282977983312 0.473225573035189 0
1.99797608969848 0.512930002159373 0
1.9931213817164 0.552634306842982 0
1.98826667373432 0.59233861152659 0
1.9829288655922 0.631980859245886 0
1.97733334390856 0.671587552330363 0
1.97173782222491 0.711194245414832 0
1.96604473938299 0.750787032734683 0
1.94283624444069 0.783365641706105 0
1.91962774949839 0.815944250677535 0
1.89641925455608 0.848522859648964 0
1.87208273068737 0.880267679793147 0
1.84560925141648 0.910253591406682 0
1.8191357721456 0.940239503020204 0
1.79266229287472 0.970225414633732 0
1.76686057638488 1.00079126855895 0
1.74138059064102 1.03162583238742 0
1.71590060489715 1.0624603962159 0
1.6907014076712 1.09352485274048 0
1.67188094998729 1.12882060847071 0
1.65305675402464 1.16411437061587 0
1.63423255806198 1.19940813276104 0
1.61519009627229 1.16423165412846 0
1.6101330902769 1.12455260814242 0
1.60544279212844 1.08482854612355 0
1.60690864720479 1.04485541428609 0
1.60837010852236 1.00488212156686 0
1.60982944596713 0.964908751253334 0
1.61129078554542 0.924935454083386 0
1.61158516565133 0.88493653734364 0
1.61421771033819 0.845023259997977 0
1.61568205073877 0.805050072644562 0
1.61714443069327 0.76507681352213 0
1.61860592530964 0.725103522020348 0
1.62006782916672 0.685130245483234 0
1.62070138190565 0.645135263161354 0
1.60589394359079 0.607976956276467 0
1.59108650527592 0.570818649391579 0
1.57627906696106 0.533660342506692 0
1.55916711862344 0.497505381241455 0
1.53965741730679 0.462585880177793 0
1.52014773102069 0.427666370716491 0
1.50063805287954 0.392746856704573 0
1.48112994002845 0.357826468204594 0
1.4616221855431 0.322905879507678 0
1.44211443105775 0.287985290810769 0
1.42525864563602 0.251710196078755 0
1.42425893905749 0.211722690695738 0
1.42325923247897 0.17173518531272 0
1.42225952590045 0.131747679929703 0
1.438939998898 0.09539163750787 0
1.45698835877298 0.0596949050828518 0
1.47503671864797 0.0239981726578336 0
1.50228476361995 -0.00528568031961668 0
1.5414757299275 -0.013289939178542 0
1.58066669623504 -0.0212941980374657 0
1.61985766254259 -0.0292984568963894 0
1.65947871874458 -0.0347913528027646 0
1.69917271050577 -0.0397296741838426 0
1.73886671006699 -0.0446679328681985 0
1.77856071416475 -0.0496061550875244 0
1.81825474318198 -0.0545441769970351 0
1.85794877219922 -0.0594821989065458 0
1.89764280121646 -0.0644202208160555 0
1.9370222842898 -0.0714385049992542 0
1.97594203117605 -0.0806717764839483 0
2.0148617780623 -0.0899050479686405 0
2.05378152494855 -0.0991383194533346 0
2.09194778713668 -0.111110638802016 0
2.12993605552918 -0.123636271102987 0
2.16792466068114 -0.136160882019442 0
2.20591325366286 -0.148685529849587 0
2.24390177594363 -0.161210392121229 0
2.28189039530249 -0.173734959946383 0
2.31987942486696 -0.186258283496862 0
2.35468947200835 -0.205962613427479 0
2.38500183928786 -0.232061663025345 0
2.41531433542934 -0.25816056295759 0
2.44562683157081 -0.284259462889836 0
2.45615546440662 -0.322848941904313 0
2.46476491857301 -0.361911421330956 0
2.47337369206514 -0.400974050773448 0
2.4805368406518 -0.440327440745922 0
2.48363315796276 -0.480207420925327 0
2.48672947527371 -0.520087401104732 0
2.48982579258467 -0.559967381284137 0
2.4915528490637 -0.599930079840643 0
2.49240381646176 -0.639921026997315 0
2.49325478385981 -0.679911974153986 0
2.49410944144186 -0.719902842616892 0
2.48290069105503 -0.758300289338848 0
2.47096850307158 -0.796479117109325 0
2.45903631508813 -0.834657944879802 0
2.44252302007279 -0.871090225727099 0
2.41690742411204 -0.901812225069193 0
2.39129149406731 -0.932533945853413 0
2.36567541917552 -0.963255545862817 0
2.33873973770758 -0.992826968957735 0
2.31122980017327 -1.02186493267522 0
2.28371986263895 -1.05090289639271 0
2.25640280634274 -1.08012238364539 0
2.23874238281534 -1.11601262522764 0
2.22108195928793 -1.15190286680989 0
2.20342153576052 -1.18779310839214 0
2.18623681330986 -1.22391353632834 0
2.16986064292759 -1.26040765974034 0
2.15348261668644 -1.29690095030784 0
2.13710272425933 -1.33339340328207 0
2.11748152775763 -1.36825037744567 0
2.09654231843745 -1.40233189022086 0
2.07560310911726 -1.43641340299605 0
2.04884842669061 -1.46614868453581 0
2.01040455352404 -1.47719715121462 0
1.97196068035748 -1.48824561789343 0
1.93351680719091 -1.49929408457224 0
1.8937724807606 -1.4947787200686 0
1.85623684275307 -1.48095570016092 0
1.83458072615093 -1.44732516918512 0
1.83631787020219 -1.4073629078559 0
1.83805501425345 -1.36740064652668 0
1.83979215830472 -1.32743838519745 0
1.84389134974725 -1.28764898171465 0
1.84808330721122 -1.2478692445031 0
1.8522752646752 -1.20808950729154 0
1.86284828494944 -1.16951216624423 0
1.88407120647707 -1.13560659735308 0
1.90529214439134 -1.10169978691568 0
1.92651134965717 -1.06779189214341 0
1.94773215968429 -1.03388500166679 0
1.96895366085729 -0.999978543757361 0
1.99017595596317 -0.966072582770549 0
2.01139829476587 -0.93216664913433 0
2.03261795986495 -0.898259042125243 0
2.05383762496403 -0.864351435116156 0
2.07505729006311 -0.830443828107069 0
2.09872612381264 -0.798198110423366 0
2.12638051483319 -0.769297683829921 0
2.15403667627036 -0.740398951425868 0
2.18169346797406 -0.711500822201669 0
2.1855115231261 -0.671683458466032 0
2.1855115231261 -0.631683458466032 0
2.1855115231261 -0.591683458466034 0
2.180186424045 -0.552039501552324 0
2.1592818732139 -0.517936719341043 0
2.13837765988594 -0.483833730247138 0
2.11747557175622 -0.449729438555075 0
2.08416966015388 -0.427577322350568 0
2.04656528490845 -0.413942405321114 0
2.00896090966301 -0.400307488291659 0
1.96962479135288 -0.393050092319866 0
1.92963668102446 -0.394025301201528 0
1.88964857069605 -0.39500051008319 0
1.84966046036763 -0.395975718964853 0
1.80970801235448 -0.397925564537431 0
1.76976965322264 -0.400145355035816 0
1.72983129409082 -0.402365145534201 0
1.68992955129606 -0.405167095202063 0
1.65054831411917 -0.412175530007139 0
1.61116707667496 -0.419183963310133 0
1.57178583856453 -0.426192392869568 0
1.53240461475485 -0.433200902786215 0
1.49302340831965 -0.440209510330413 0
1.45364220188446 -0.447218117874611 0
1.41426099544927 -0.454226725418807 0
1.37429176882122 -0.452657992568322 0
1.33448507926483 -0.448730211189409 0
1.29467838970842 -0.444802429810494 0
1.25495954612816 -0.440068143734773 0
1.2161064757054 -0.430558205842058 0
1.17725340528264 -0.421048267949344 0
1.13840033485987 -0.411538330056627 0
1.10185106030512 -0.39528562168166 0
1.06820392993564 -0.373655304580445 0
1.03455679956615 -0.352024987479226 0
1.00090966919667 -0.330394670378011 0
0.966800773839283 -0.351289245212141 0
0.935378864214033 -0.376041287461274 0
0.952994102208566 -0.411953728068898 0
0.972508392586789 -0.446870664805021 0
0.992021090261165 -0.48178849161982 0
1.01258804923282 -0.516095928111898 0
1.03505175401045 -0.549192483335416 0
1.05751545878808 -0.582289038558942 0
1.0799791635657 -0.61538559378246 0
1.10707554473208 -0.644809837658667 0
1.13603472562197 -0.672402696194641 0
1.16499390651187 -0.699995554730616 0
1.19400659894878 -0.727532142710264 0
1.22488137768164 -0.752963384091623 0
1.25575615641449 -0.778394625472976 0
1.28663093514735 -0.803825866854335 0
1.31841633932742 -0.828109360859721 0
1.35164795091109 -0.850372783587422 0
1.38487956249475 -0.872636206315123 0
1.4181111892987 -0.894899606324187 0
1.44911134681076 -0.920177862478981 0
1.47908366964623 -0.946666725494341 0
1.50905599248171 -0.973155588509702 0
1.53846843202438 -1.00026478252482 0
1.55942034226229 -1.03433848877146 0
1.5803722525002 -1.0684121950181 0
1.60132416273812 -1.10248590126475 0
1.61726204089627 -1.13917355640671 0
1.62692111750069 -1.17798981896701 0
1.63657707726183 -1.21680685699275 0
1.64623303702296 -1.25562389501848 0
1.63068746643311 -1.29247949479701 0
1.6132466935034 -1.32847698692653 0
1.5958059205737 -1.36447447905604 0
1.56620074914668 -1.39137306312245 0
1.52904376303596 -1.40618381540474 0
1.49188677692524 -1.42099456768704 0
1.45472979081452 -1.43580531996934 0
1.4147410716159 -1.43675523409894 0
1.37475069601665 -1.43587781776081 0
1.33476032362248 -1.43500025535486 0
1.29541844790324 -1.427774135034 0
1.25796549013112 -1.41372863916806 0
1.22051253235901 -1.39968314330212 0
1.18305957458689 -1.38563764743619 0
1.14560619239812 -1.37159328334872 0
1.10815271160163 -1.35754918223022 0
1.07069923080513 -1.34350508111173 0
1.03276038378666 -1.33083054416125 0
0.992990497112019 -1.32654614059877 0
0.953220610437379 -1.32226173703629 0
0.91345072376273 -1.3179773334738 0
0.873492284080188 -1.31615439679447 0
0.833493901331292 -1.3165140875955 0
0.793495518582396 -1.31687377839654 0
0.753497135833492 -1.31723346919758 0
0.713735066952383 -1.32158982986833 0
0.674047768199879 -1.32658165495837 0
0.634360469447376 -1.33157348004841 0
0.594682966652718 -1.33664257976925 0
0.555046573853628 -1.3420236917246 0
0.515410332792413 -1.34740592123822 0
0.47577427588516 -1.35278950673908 0
0.436174386678689 -1.34714603486132 0
0.398753116010445 -1.33301633204867 0
0.361331931874083 -1.31888640006609 0
0.323910747737717 -1.30475646808351 0
0.287382565296316 -1.28845641018398 0
0.250956540315972 -1.27192932017602 0
0.214530515335628 -1.25540223016806 0
0.178858877428105 -1.23730432285825 0
0.145752302618728 -1.21485538737366 0
0.112645727809355 -1.19240645188907 0
0.0795391529999778 -1.16995751640448 0
0.0464325328781379 -1.14750864774461 0
0.0133258810004015 -1.12505982591702 0
-0.019780770877328 -1.10261100408943 0
-0.0528874227550644 -1.08016218226185 0
-0.074921712517412 -1.04677820295037 0
-0.0958141205845606 -1.01266798036013 0
-0.110784741843798 -0.975575117177136 0
-0.0824207501534642 -0.94737079170407 0
-0.0540578206037444 -0.91916539811778 0
-0.0256952773236584 -0.890959616109738 0
0.0141989170202135 -0.88805216745952 0
0.0541868327426842 -0.887069011229518 0
0.0941747484651549 -0.886085854999516 0
0.134173873807416 -0.886350376934283 0
0.174021903724984 -0.889833839534777 0
0.213869933642551 -0.893317302135271 0
0.253717963560118 -0.896800764735765 0
0.291919783849452 -0.908659134209751 0
0.328732776944378 -0.92430533308976 0
0.365545770039305 -0.939951531969769 0
0.4023664712474 -0.955579582473407 0
0.439649420073757 -0.970070328720972 0
0.476932368900114 -0.984561074968537 0
0.514215317726471 -0.999051821216102 0
0.5530800457559 -1.00851400464269 0
0.593073203997861 -1.00925379774497 0
0.633066362239805 -1.00999359084725 0
0.673059520481749 -1.01073338394953 0
0.713005113519994 -1.01281895265447 0
0.752918545936782 -1.01544914517794 0
0.792831978353569 -1.01807933770141 0
0.832727007934068 -1.0209753029587 0
0.872000974670215 -1.02856183950759 0
0.911275149350081 -1.03614729949467 0
0.950550067240431 -1.04372891045187 0
0.989824977512534 -1.05131056087365 0
1.02909987555148 -1.05889227466607 0
1.06837479383295 -1.06647388359714 0
1.10764972874424 -1.07405540638046 0
1.1469240575991 -1.08164006807367 0
1.18619832310291 -1.08922505779923 0
1.22547301947511 -1.09680781619385 0
1.21012438529027 -1.05986976767123 0
1.17738418174367 -1.03688979657186 0
1.14043489288912 -1.02156824139158 0
1.10348641079987 -1.00624474076999 0
1.0665389282376 -0.990918830281205 0
1.02959056917724 -0.975595033012025 0
0.992641654034218 -0.96027257662428 0
0.955693491898162 -0.944948304544752 0
0.918745545730354 -0.929623511757212 0
0.881797016233279 -0.914300125447275 0
0.844848478173053 -0.898976759785255 0
0.807900165554796 -0.883652850536529 0
0.770951794250269 -0.868329082790222 0
0.734003266415948 -0.853005692470959 0
0.697054738581626 -0.837682302151695 0
0.660106210747305 -0.822358911832432 0
0.627026814167554 -0.799869947384963 0
0.597162054028206 -0.773259872191167 0
0.567297292442344 -0.746649798620807 0
0.537567876592329 -0.719888598475506 0
0.511821299735541 -0.689276284284034 0
0.4860749697848 -0.658663762433203 0
0.460328653529444 -0.628051229064015 0
0.434144846761109 -0.597812044830325 0
0.407215797785372 -0.568234581767003 0
0.380286748809636 -0.538657118703681 0
0.3533576998339 -0.509079655640358 0
0.324656306597776 -0.48121875066034 0
0.295238705349752 -0.454115157968373 0
0.265821104101728 -0.427011565276406 0
0.235969155808033 -0.400387118182217 0
0.197727155180555 -0.388658973060006 0
0.159485154553078 -0.376930827937794 0
0.1212431539256 -0.365202682815583 0
0.0823997586523197 -0.355653303587427 0
0.0430236976845509 -0.348615845050245 0
0.00364763671678197 -0.341578386513064 0
-0.0357284242509869 -0.334540927975882 0
-0.0746309436173456 -0.325235338959061 0
-0.113394277581974 -0.315365995518554 0
-0.152157621052847 -0.305496689415353 0
-0.190430995751642 -0.293871338273762 0
-0.225169939939976 -0.274041921825458 0
-0.259908813658313 -0.254212381922043 0
-0.294647548364185 -0.234382598488151 0
-0.329386271832868 -0.214552795368441 0
-0.364124990405206 -0.194722983671101 0
-0.398864033758211 -0.174893740949352 0
-0.433602894518406 -0.155064178344903 0
-0.47336061681826 -0.150668326035318 0
-0.453833853045713 -0.185578288747573 0
-0.428542686514708 -0.216567914358426 0
-0.403251494466361 -0.247557519144114 0
-0.377960259048739 -0.278547088535284 0
-0.35266897397329 -0.309536617399599 0
-0.327377959319434 -0.34052636695939 0
-0.302086710491173 -0.371515925405854 0
-0.278247713630197 -0.403636047271473 0
-0.254787526058256 -0.436033880518311 0
-0.231327338486315 -0.468431713765148 0
-0.212366253337816 -0.503652123331081 0
-0.212188621525699 -0.543651728915875 0
-0.212010989713582 -0.583651334500668 0
-0.211833357901465 -0.623650940085462 0
-0.224891507156659 -0.661459467404428 0
-0.246398392343557 -0.695185627718899 0
-0.26790500914359 -0.728911959179891 0
-0.289411548425076 -0.762638340072806 0
-0.310918270817189 -0.796364604199578 0
-0.3324250046713 -0.830090861017194 0
-0.353931738525421 -0.863817117834824 0
-0.376661160500461 -0.896731755561538 0
-0.402500561086989 -0.927265759185836 0
-0.428339961673528 -0.957799762810148 0
-0.454179362260056 -0.988333766434446 0
-0.486623972421673 -1.01172922051128 0
-0.521372047584804 -1.03154263194032 0
-0.556120122747949 -1.05135604336936 0
-0.590845591780331 -1.07120904819184 0
-0.624902919003906 -1.09218757202901 0
-0.658960246227482 -1.11316609586619 0
-0.693017573451043 -1.13414461970335 0
-0.723608538019364 -1.15991655961442 0
-0.747671009165622 -1.19186961083548 0
-0.771733480051768 -1.22382266225242 0
-0.795795950741359 -1.25577571381737 0
-0.819860251007255 -1.2877273875249 0
-0.843925211805845 -1.31967856374366 0
-0.867987654172011 -1.35163163663774 0
-0.892049900860398 -1.38358485688715 0
-0.916113351141617 -1.4155371707402 0
-0.940176801422837 -1.44748948459324 0
-0.964239372492565 -1.47944246056598 0
-0.991983053727846 -1.50825718165634 0
-1.02445040673698 -1.53162106379481 0
-1.05691775974611 -1.55498494593328 0
-1.08938511275523 -1.57834882807175 0
-1.12417893696438 -1.59808179026456 0
-1.15945764573445 -1.61693418288504 0
-1.19473635450451 -1.63578657550553 0
-1.22979652196733 -1.65504234496508 0
-1.2634460873027 -1.67666887387612 0
-1.29709542278958 -1.69829576041328 0
-1.33074473407619 -1.71992268460367 0
-1.36035169668869 -1.74681929712017 0
-1.38561168672951 -1.77783434029502 0
-1.41087168715651 -1.80884937501091 0
-1.43613169208772 -1.83986440605838 0
-1.46139458832114 -1.87087708207803 0
-1.48665765413027 -1.90188961996068 0
-1.51191997856999 -1.93290276175416 0
-1.53933719976314 -1.96202828290049 0
-1.57389168991347 -1.98217740721023 0
-1.60844618006382 -2.00232653151998 0
-1.64300067021417 -2.02247565582973 0
-1.68220290226588 -2.01452675639875 0
-1.71889231913093 -1.99859293419241 0
-1.75558173599597 -1.98265911198608 0
-1.77799426681863 -1.94952788106837 0
-1.77918721400213 -1.90954567406304 0
-1.78038016118562 -1.86956346705771 0
-1.77335390397322 -1.83018540578516 0
-1.75215388349907 -1.7962655129213 0
-1.73095514433866 -1.7623448192667 0
-1.70975752107934 -1.72842342825519 0
-1.68855851316976 -1.69450290255688 0
-1.66735891070328 -1.66058274844073 0
-1.64615905332844 -1.62666275363992 0
-1.62488839528139 -1.5927871118564 0
-1.60142362212069 -1.56039259965886 0
-1.57795884895999 -1.52799808746132 0
-1.55449407579928 -1.49560357526378 0
-1.53018116560129 -1.46384066611325 0
-1.50446257658832 -1.43320483449108 0
-1.47874263322619 -1.4025701398876 0
-1.45301882796213 -1.37193868803274 0
-1.42729702418478 -1.34130555547273 0
-1.40157639094196 -1.310671440085 0
-1.37585582108285 -1.28003727147995 0
-1.35013524385018 -1.24940310906578 0
-1.32441412723955 -1.21876939952379 0
-1.29869310549589 -1.1881356103285 0
-1.2729724731891 -1.15750149415486 0
-1.2472511272146 -1.12686797719615 0
-1.22152880448986 -1.09623528038956 0
-1.19580882712677 -1.06560061433226 0
-1.17008884976368 -1.03496594827496 0
-1.14894115101555 -1.00101341025998 0
-1.12995584744767 -0.965806049546121 0
-1.11097054387979 -0.930598688832266 0
-1.09203239571074 -0.895365940657774 0
-1.07425971931655 -0.859531153456132 0
-1.05648704292236 -0.823696366254474 0
-1.03871436652817 -0.787861579052831 0
-1.02349515854295 -0.750870016389128 0
-1.01275294022453 -0.712339447413326 0
-1.00201072190611 -0.673808878437524 0
-0.991268503587697 -0.635278309461722 0
-0.988174755152684 -0.595398129915731 0
-0.987560962264722 -0.555402839464345 0
-1.01493074238167 -0.58457294636079 0
-1.0339032141822 -0.61978722349064 0
-1.05287581786799 -0.65500142956407 0
-1.07901843724855 -0.685276228521669 0
-1.10678323988579 -0.714070598362228 0
-1.13454916830882 -0.742863882627964 0
-1.16249208316854 -0.771485439349124 0
-1.19156392278501 -0.798959575210229 0
-1.22063504755894 -0.826434467464395 0
-1.24970563539467 -0.853909927840619 0
-1.28502583953918 -0.872684463232755 0
-1.32383153954499 -0.882385888234208 0
-1.36263724207916 -0.892087303122228 0
-1.40144294566264 -0.901788713813006 0
-1.44024864300747 -0.911490149458366 0
-1.47905433943561 -0.921191588770513 0
-1.51786003586375 -0.930893028082661 0
-1.55699524990199 -0.939165574376311 0
-1.59691048577162 -0.941768254816101 0
-1.63682575020376 -0.944370497178453 0
-1.67674111284771 -0.946971232651684 0
-1.71673621817466 -0.947596972123308 0
-1.75672611479075 -0.946697990124208 0
-1.79671598614851 -0.945797885247443 0
-1.83670584816731 -0.944897365554531 0
-1.87669570012608 -0.943996399231187 0
-1.91668555161214 -0.943095411926931 0
-1.95667541397317 -0.942194907431629 0
-1.99666527438285 -0.941294316284248 0
-2.03665513086198 -0.940393550622535 0
-2.0766449875267 -0.9394927931993 0
-2.11663484419141 -0.938592035776065 0
-2.15609196934982 -0.945159780764533 0
-2.1941789261026 -0.957382044274691 0
-2.23226588285538 -0.969604307784849 0
-2.27035283960816 -0.981826571295006 0
-2.27086176173271 -1.02182333364236 0
-2.26786179373521 -1.06171067739966 0
-2.2648618257377 -1.10159802115697 0
-2.26266940026936 -1.14153789184487 0
-2.26231349486687 -1.18153630845534 0
-2.26195378232974 -1.22153469100877 0
-2.26545636467422 -1.26138104488111 0
-2.27976392873177 -1.29873467403195 0
-2.29407149278932 -1.33608830318279 0
-2.33400443790737 -1.33840344771355 0
-2.37095660524897 -1.32308883610375 0
-2.40790877259057 -1.30777422449396 0
-2.43530311945757 -1.27862718759945 0
-2.45073802252446 -1.24172510409031 0
-2.46617292559135 -1.20482302058115 0
-2.48015214520808 -1.16734527493247 0
-2.48171410117993 -1.12737578289738 0
-2.48327605715177 -1.08740629086231 0
-2.48483801312362 -1.04743679882723 0
-2.47765179200448 -1.00808761553168 0
-2.46237585928824 -0.971119441656731 0
-2.44709992657199 -0.934151267781769 0
-2.43182399385575 -0.897183093906823 0
-2.41584348594608 -0.860513987469002 0
-2.39976942392177 -0.82388579436535 0
-2.38369536189746 -0.787257601261699 0
-2.36358603900756 -0.752679933137464 0
-2.33201088318346 -0.728123680681434 0
-2.30043572735937 -0.703567428225413 0
-2.26886057153528 -0.679011175769393 0
-2.23319814168618 -0.660895130470873 0
-2.19601731987891 -0.646144317281897 0
-2.15883632046939 -0.631393951764089 0
-2.12173636318894 -0.616440919637157 0
-2.08498449192986 -0.600651684096558 0
-2.04823262067078 -0.584862448555958 0
-2.0114807494117 -0.569073213015359 0
-1.97316804729481 -0.557578133350467 0
-1.93464803086648 -0.546798136394952 0
-1.89612801443815 -0.536018139439436 0
-1.85760798519855 -0.525238188262358 0
-1.81908790168612 -0.514458431020372 0
-1.7805678181737 -0.503678673778391 0
-1.74204773466127 -0.492898916536406 0
-1.7042845285676 -0.479710275001841 0
-1.66734560638169 -0.464363743545392 0
-1.63040668419579 -0.449017212088943 0
-1.59346776200989 -0.433670680632494 0
-1.56684052279681 -0.403821222816833 0
-1.54108177104607 -0.373219152490747 0
-1.51532301929531 -0.342617082164648 0
-1.49602980724033 -0.307577504989668 0
-1.48847119234792 -0.268298154932576 0
-1.4809125774555 -0.229018804875467 0
-1.4733539625631 -0.189739454818375 0
-1.47127792779392 -0.149793365151961 0
-1.47122330001355 -0.109793402454408 0
-1.47117342963413 -0.0697934335426014 0
-1.47152516269903 -0.0297949800243704 0
-1.47550725047871 0.010006313634436 0
-1.47948933825838 0.0498076072932589 0
-1.48347142603806 0.0896089009520819 0
-1.48603630295498 0.129526583830732 0
-1.48672097965341 0.169520723624177 0
-1.48740565635185 0.209514863417621 0
-1.48809033305028 0.249509003211066 0
-1.48770263231777 0.289507124268706 0
-1.4869883540588 0.32950074634234 0
-1.48627408490629 0.369494368578612 0
-1.48555981547264 0.409487990809851 0
-1.48484553721368 0.449481612883484 0
-1.48413125895472 0.489475234957118 0
-1.48341698069575 0.529468857030752 0
-1.47870963049577 0.569190901969232 0
-1.46880576414378 0.607945429850269 0
-1.45890182637437 0.646699939480245 0
-1.44899779929664 0.68545442628685 0
-1.4390027698205 0.724185542792453 0
-1.42897990165275 0.76290946451652 0
-1.41895703348499 0.801633386240587 0
-1.40939464292758 0.840473580457753 0
-1.40420148498316 0.880135036691279 0
-1.44419940213087 0.880543232532807 0
-1.47640053324129 0.856813774991402 0
-1.50860086233979 0.833083229149618 0
-1.53747394196387 0.805400287235475 0
-1.56519382252274 0.776562669064025 0
-1.59291370308161 0.747725050892574 0
-1.61962938719567 0.717954726367675 0
-1.63771071358023 0.682274681017723 0
-1.65579209536671 0.646594663743467 0
-1.67387361794127 0.610914717816021 0
-1.69195414297224 0.575234266381031 0
-1.71003343678466 0.539553191071486 0
-1.72811273059707 0.503872115761956 0
-1.74619202440949 0.468191040452427 0
-1.77497908934316 0.440418664023591 0
-1.80619348955348 0.415405443129222 0
-1.8374078897638 0.390392222234852 0
-1.86485149165439 0.361291557031605 0
-1.88606015401828 0.327377066902254 0
-1.90726881638219 0.293462576772888 0
-1.92847747874608 0.259548086643536 0
-1.9573937785639 0.231910293590431 0
-1.98727549461502 0.205319260405544 0
-2.01691463266566 0.178458108240829 0
-2.04818131194161 0.153510267311116 0
-2.08583316412958 0.140007007452266 0
-2.12348506708425 0.126503889149741 0
-2.16113737587788 0.113001902536302 0
-2.20094954561763 0.109130063100799 0
-2.24070828608311 0.113516696958214 0
-2.2804670265486 0.117903330815629 0
-2.31970946871398 0.125651281053973 0
-2.34040810504856 0.159879433996954 0
-2.36110674138315 0.194107586939947 0
-2.38180537771775 0.22833573988294 0
-2.39316332114468 0.266689320173578 0
-2.39794258506904 0.306402776788958 0
-2.40272184899339 0.346116233404338 0
-2.40750111291775 0.385829690019717 0
-2.42562532991744 0.421487967574138 0
-2.44399761587499 0.457019068157912 0
-2.46236990183254 0.492550168741672 0
-2.4766804397805 0.529902658667233 0
-2.48223390872604 0.569515270076619 0
-2.48778737767158 0.609127881486006 0
-2.49334084661712 0.648740492895392 0
-2.49651718799238 0.688614179149222 0
-2.4989748831852 0.728538604434247 0
-2.50143257837801 0.768463029719273 0
-2.50454079249589 0.808342084434712 0
-2.51253275023892 0.847535561078566 0
-2.52052470798195 0.886729037722436 0
-2.52851666572499 0.925922514366305 0
-2.53960086973216 0.964356098918461 0
-2.55430958589302 1.00155359438386 0
-2.56901830205389 1.03875108984927 0
-2.58372320041626 1.07595009473048 0
-2.60725264677323 1.10829766270914 0
-2.63268668985557 1.13917013349601 0
-2.65811964029176 1.17004350441838 0
-2.67738663207064 1.19343194239139 0
