937
-0.900998256191338 -0.87610633164708 0
-0.864820992490877 -0.859041584618562 0
-0.828643728790416 -0.841976837590043 0
-0.792466465089956 -0.824912090561525 0
-0.756441121681547 -0.807528919610683 0
-0.720460795338507 -0.790052761101206 0
-0.684480468995467 -0.77257660259173 0
-0.648500142652427 -0.755100444082253 0
-0.612519816309387 -0.737624285572776 0
-0.576539489966347 -0.7201481270633 0
-0.540559163623307 -0.702671968553823 0
-0.504578837280267 -0.685195810044347 0
-0.468598510937227 -0.66771965153487 0
-0.432618184594188 -0.650243493025394 0
-0.396637858251148 -0.632767334515917 0
-0.360657531908108 -0.615291176006441 0
-0.324677205565068 -0.597815017496964 0
-0.288696879222028 -0.580338858987488 0
-0.252716552878988 -0.562862700478011 0
-0.216736226535948 -0.545386541968535 0
-0.17721073865442 -0.539243594164173 0
-0.13721073865442 -0.539243594164173 0
-0.0972107386544197 -0.539243594164173 0
-0.0572150169199287 -0.539828609494882 0
-0.0191180510319562 -0.552019638579034 0
0.0189789148560165 -0.564210667663187 0
0.0532146658471469 -0.584896734328296 0
0.0759830650003624 -0.617784421994046 0
0.0987514641535772 -0.650672109659796 0
0.120733931346147 -0.684090235521784 0
0.13558955840031 -0.721229303157195 0
0.150445185454472 -0.758368370792606 0
0.165300812508635 -0.795507438428017 0
0.180156439562797 -0.832646506063428 0
0.192958830426673 -0.870542400144034 0
0.204605295057981 -0.908809355361188 0
0.216251759689289 -0.947076310578342 0
0.227898224320597 -0.985343265795496 0
0.239544688951906 -1.02361022101265 0
0.251191153583214 -1.0618771762298 0
0.262837618214522 -1.10014413144696 0
0.274543495424028 -1.13839295415768 0
0.286536559293643 -1.17655270283373 0
0.298529623163258 -1.21471245150978 0
0.310522687032874 -1.25287220018583 0
0.326387646614617 -1.28959144660334 0
0.348308696907053 -1.32304989178653 0
0.370229747199488 -1.35650833696972 0
0.392150797491923 -1.38996678215291 0
0.418841154189049 -1.41975981589203 0
0.44671258155958 -1.4484509911264 0
0.47458400893011 -1.47714216636076 0
0.502455436300641 -1.50583334159513 0
0.530326863671172 -1.5345245168295 0
0.557079997680765 -1.56426119150346 0
0.583420181995506 -1.59436425929173 0
0.609760366310246 -1.62446732708001 0
0.636100550624987 -1.65457039486828 0
0.662000065201165 -1.68505342530685 0
0.686987867103339 -1.71628817768457 0
0.711975669005514 -1.74752293006229 0
0.736963470907689 -1.77875768244002 0
0.761951272809864 -1.80999243481774 0
0.787223761347832 -1.8409972944868 0
0.822024648781776 -1.86071779736604 0
0.856825536215721 -1.88043830024527 0
0.891626423649666 -1.90015880312451 0
0.930225471855518 -1.91065230004414 0
0.970220433754863 -1.91001745937907 0
1.01021539565421 -1.909382618714 0
1.05021035755355 -1.90874777804893 0
1.09020531945289 -1.90811293738386 0
1.13020028135224 -1.90747809671879 0
1.17019524325158 -1.90684325605372 0
1.2092178257242 -1.89805473756836 0
1.24816535287606 -1.88893935887324 0
1.28711288002792 -1.87982398017813 0
1.32606040717977 -1.87070860148301 0
1.36500793433163 -1.8615932227879 0
1.40035978587709 -1.8428783465578 0
1.43551392314372 -1.82379467204163 0
1.47066806041034 -1.80471099752546 0
1.50582219767697 -1.78562732300929 0
1.53929539351844 -1.76372880342099 0
1.57241214113797 -1.74129487761421 0
1.60552888875751 -1.71886095180743 0
1.63864563637704 -1.69642702600065 0
1.63068535741981 -1.65722710305528 0
1.6211564963079 -1.61837866929136 0
1.611627635196 -1.57953023552744 0
1.60209877408409 -1.54068180176351 0
1.59256991297218 -1.50183336799959 0
1.58129961947261 -1.4634539401191 0
1.56659326389776 -1.42625551131214 0
1.55188690832292 -1.38905708250519 0
1.53718055274808 -1.35185865369823 0
1.52247419717323 -1.31466022489127 0
1.50468533184481 -1.27883347133576 0
1.48440452678228 -1.24435610272945 0
1.46412372171974 -1.20987873412313 0
1.44384291665721 -1.17540136551682 0
1.425309731557 -1.13995392484699 0
1.40889514446385 -1.10347706463999 0
1.39248055737069 -1.06700020443298 0
1.37606597027754 -1.03052334422598 0
1.35965138318439 -0.994046484018972 0
1.34632180102565 -0.95633279632507 0
1.33328217369287 -0.91851787706002 0
1.32024254636009 -0.880702957794969 0
1.34752602050598 -0.909953804595206 0
1.37220128703505 -0.941436041201258 0
1.39687655356412 -0.97291827780731 0
1.42155182009318 -1.00440051441336 0
1.44697478684146 -1.03528210701666 0
1.47361541761381 -1.0651196134817 0
1.50025604838616 -1.09495711994674 0
1.52689667915852 -1.12479462641178 0
1.55456560545396 -1.15368113741012 0
1.5832860591175 -1.18152239351253 0
1.61200651278105 -1.20936364961495 0
1.64072696644459 -1.23720490571736 0
1.66944742010814 -1.26504616181978 0
1.69816787377168 -1.29288741792219 0
1.72688832743522 -1.32072867402461 0
1.75560878109877 -1.34856993012702 0
1.78432923476231 -1.37641118622943 0
1.81304968842585 -1.40425244233185 0
1.8417701420894 -1.43209369843426 0
1.87049059575294 -1.45993495453667 0
1.89921104941649 -1.48777621063909 0
1.92793150308003 -1.5156174667415 0
1.9416893071994 -1.55317705707224 0
1.93159243131352 -1.59188174796812 0
1.92116141032034 -1.63049772653969 0
1.90249106553801 -1.66587311665356 0
1.88382072075569 -1.70124850676744 0
1.86515037597336 -1.73662389688132 0
1.84648003119104 -1.7719992869952 0
1.82402144028122 -1.80509931258953 0
1.80077191253246 -1.8376486514378 0
1.80217532950668 -1.87762402411644 0
1.83681462782234 -1.89762699920014 0
1.871453926138 -1.91762997428383 0
1.90609322445366 -1.93763294936752 0
1.94073252276932 -1.95763592445121 0
1.97537182108498 -1.9776388995349 0
2.01001111940064 -1.99764187461859 0
2.0446504177163 -2.01764484970228 0
2.08296186177313 -2.02914412160447 0
2.1143236947516 -2.00431600382984 0
2.14568552773007 -1.97948788605522 0
2.17814483529038 -1.95611282770865 0
2.21783595035892 -1.95115143832508 0
2.25742373751347 -1.95687918729012 0
2.29285699892468 -1.97543946707694 0
2.32856431922103 -1.99346687058532 0
2.36184633099454 -1.97127886273631 0
2.39512834276805 -1.9490908548873 0
2.42841035454157 -1.92690284703829 0
2.45447492655028 -1.89656082854902 0
2.47610523020282 -1.86291368953396 0
2.49773553385536 -1.8292665505189 0
2.5193658375079 -1.79561941150383 0
2.54099614116044 -1.76197227248877 0
2.56145768746793 -1.72760186191941 0
2.58073443745882 -1.69255322557234 0
2.58981372980284 -1.65359727030833 0
2.56361650826612 -1.62336970699674 0
2.53741928672941 -1.59314214368514 0
2.5112220651927 -1.56291458037355 0
2.48502484365599 -1.53268701706196 0
2.45882762211927 -1.50245945375037 0
2.43204914806102 -1.47274559625742 0
2.40132029687712 -1.44713822027084 0
2.37059144569323 -1.42153084428426 0
2.33986259450933 -1.39592346829768 0
2.30913374332544 -1.3703160923111 0
2.27840489214154 -1.34470871632452 0
2.24767604095765 -1.31910134033794 0
2.21694718977375 -1.29349396435136 0
2.1862009065088 -1.26790752135139 0
2.15486935038677 -1.24304120696883 0
2.12353779426475 -1.21817489258627 0
2.09220623814272 -1.19330857820371 0
2.06087468202069 -1.16844226382114 0
2.02954312589866 -1.14357594943858 0
1.99821156977664 -1.11870963505602 0
1.96688001365461 -1.09384332067346 0
1.93554845753258 -1.0689770062909 0
1.901966981753 -1.04724489906529 0
1.86750175624532 -1.02694346486214 0
1.83303653073765 -1.00664203065899 0
1.79857130522997 -0.986340596455833 0
1.76410607972229 -0.96603916225268 0
1.72964085421462 -0.945737728049527 0
1.69517562870694 -0.925436293846375 0
1.66071040319927 -0.905134859643222 0
1.62624517769159 -0.884833425440069 0
1.59981865276052 -0.854806124860971 0
1.57421127677394 -0.824077273677078 0
1.54860390078736 -0.793348422493185 0
1.53015657329667 -0.757856224639978 0
1.51518881192898 -0.720762207337455 0
1.50022105056129 -0.68366819003493 0
1.48525328919361 -0.646574172732405 0
1.47028552782592 -0.609480155429879 0
1.45531776645823 -0.572386138127354 0
1.44404421804966 -0.534007666215623 0
1.44037845648799 -0.494175992987236 0
1.43496123832286 -0.454544518786149 0
1.42615080346548 -0.415526878703441 0
1.41682295043057 -0.376629691687422 0
1.39686437263589 -0.341964793412454 0
1.37690579484122 -0.307299895137485 0
1.35226725560649 -0.275788906825808 0
1.31252922966502 -0.28035938757463 0
1.27397401283184 -0.29101280275222 0
1.23542256389026 -0.301679844727613 0
1.19755656764825 -0.314570396639787 0
1.16009830910956 -0.32860174964827 0
1.12443515438586 -0.346716367920627 0
1.08877199966216 -0.364830986192984 0
1.05796559987625 -0.390345016298617 0
1.02978972437151 -0.418737269459312 0
0.999816560952263 -0.445225181318182 0
0.970382911913777 -0.47231134576203 0
0.946628820040291 -0.50449430894546 0
0.927617466530147 -0.539687609980065 0
0.926583284874231 -0.579674238598925 0
0.925549103218314 -0.619660867217785 0
0.924514921562398 -0.659647495836645 0
0.923480739906481 -0.699634124455505 0
0.925255422267674 -0.739594736344174 0
0.927071728704423 -0.779553477952585 0
0.930387232080651 -0.819415834096725 0
0.934874849544966 -0.859163303066383 0
0.93936246700928 -0.898910772036042 0
0.944491228324327 -0.938580607016456 0
0.954020089436234 -0.97742904078038 0
0.96354895054814 -1.0162774745443 0
0.973318591910875 -1.05506605672571 0
0.984812507333529 -1.09337910813455 0
0.996306422756182 -1.1316921595434 0
1.00780033817884 -1.17000521095225 0
1.01840383220243 -1.20857418701451 0
1.02075271308049 -1.24850516194151 0
1.02310159395854 -1.28843613686851 0
0.996914373638514 -1.25819990873221 0
0.979759546526135 -1.22206527289976 0
0.962604719413755 -1.1859306370673 0
0.945449892301377 -1.14979600123484 0
0.928295065188998 -1.11366136540238 0
0.90871907548249 -1.07877898264244 0
0.887519117882365 -1.04485905048224 0
0.86631916028224 -1.01093911832203 0
0.845119202682114 -0.977019186161828 0
0.824360838416202 -0.942827223465842 0
0.804178117644411 -0.90829234570078 0
0.783995396872617 -0.873757467935715 0
0.763812676100824 -0.83922259017065 0
0.743629955329032 -0.804687712405586 0
0.724711188859393 -0.769444553136485 0
0.706951919927402 -0.733603119473737 0
0.689192650995409 -0.697761685810988 0
0.671433382063417 -0.661920252148239 0
0.653674113131424 -0.626078818485489 0
0.635914844199432 -0.590237384822742 0
0.61815557526744 -0.554395951159993 0
0.614818779798205 -0.514535371686077 0
0.617390543567527 -0.47461813191283 0
0.61996230733685 -0.434700892139586 0
0.622534071106173 -0.394783652366339 0
0.625105834875496 -0.354866412593093 0
0.627677598644819 -0.314949172819846 0
0.631492201871125 -0.275131478232818 0
0.641372350074459 -0.236370896819736 0
0.651252498277794 -0.197610315406654 0
0.661132646481129 -0.158849733993572 0
0.671012794684463 -0.120089152580491 0
0.673458455630548 -0.0801639883035987 0
0.673458455630548 -0.0401639883035992 0
0.673458455630548 -0.000163988303599739 0
0.673458455630548 0.0398360116963997 0
0.673458455630548 0.0798360116964001 0
0.673458455630548 0.1198360116964 0
0.673458455630548 0.1598360116964 0
0.673458455630548 0.1998360116964 0
0.673458455630548 0.239836011696399 0
0.673458455630548 0.279836011696399 0
0.673458455630548 0.319836011696399 0
0.671406845935751 0.35978336326894 0
0.668396539156921 0.399669928088406 0
0.665386232378091 0.439556492907869 0
0.662375925599261 0.479443057727332 0
0.659230393338034 0.519319186260498 0
0.655608963496336 0.559154914519208 0
0.65198753365464 0.598990642777917 0
0.662240224844987 0.637654350869035 0
0.686240224844989 0.669654350869035 0
0.71024022484499 0.701654350869036 0
0.734240224844991 0.733654350869037 0
0.758240224844992 0.765654350869038 0
0.782240224844994 0.797654350869039 0
0.806240224844995 0.82965435086904 0
0.830240224844996 0.861654350869041 0
0.853584851797135 0.894135551469782 0
0.876901166815206 0.926637081494972 0
0.900217481833275 0.959138611520158 0
0.923533796851345 0.991640141545345 0
0.947945854192677 1.02332691254467 0
0.976230125440139 1.05161118379213 0
1.0045143966876 1.07989545503959 0
1.03279866793506 1.10817972628706 0
1.06108293918252 1.13646399753452 0
1.08936721042998 1.16474826878198 0
1.11632892813399 1.19429595529801 0
1.14308751739888 1.2240277211479 0
1.16984610666378 1.25375948699779 0
1.19660469592868 1.28349125284767 0
1.19587882501031 1.24349783949735 0
1.184232360379 1.2052308842802 0
1.17258589574769 1.16696392906305 0
1.15785065547974 1.12977693275727 0
1.14028225019954 1.0938415583205 0
1.12271384491935 1.05790618388373 0
1.10514543963915 1.02197080944696 0
1.0867183357053 0.986468107569342 0
1.06643753064276 0.951990738963034 0
1.05604995790913 0.913363050283753 0
1.05096338526972 0.873687783696317 0
1.0458768126303 0.834012517108882 0
1.03954407275602 0.794516993239908 0
1.03116290920679 0.755404896676811 0
1.02278174565756 0.716292800113716 0
1.01440058210832 0.677180703550619 0
1.00601941855909 0.638068606987524 0
1.00573838252786 0.598069594265344 0
1.01139523677735 0.558471614518897 0
1.01705209102684 0.518873634772449 0
1.04002634281219 0.486129417650901 0
1.0705267082271 0.460250319723097 0
1.10102707364201 0.434371221795294 0
1.13186894702 0.408900084275808 0
1.16794158816899 0.391615277058586 0
1.20401422931797 0.374330469841364 0
1.24008687046696 0.357045662624142 0
1.27615951161595 0.339760855406919 0
1.31271308731798 0.323517822950026 0
1.3495885543849 0.308019438240743 0
1.38646402145181 0.292521053531459 0
1.42333948851873 0.277022668822176 0
1.46021495558564 0.261524284112892 0
1.49709042265255 0.246025899403609 0
1.53633280542777 0.238277648367201 0
1.57538028783513 0.246954866679948 0
1.60289208605072 0.275991067515202 0
1.6263299117919 0.308405081838112 0
1.64976773753308 0.340819096161025 0
1.67320556327426 0.373233110483938 0
1.69664338901545 0.405647124806851 0
1.72008121475663 0.438061139129764 0
1.7432383497826 0.470676275146482 0
1.76409635016076 0.504807548492561 0
1.78495435053892 0.53893882183864 0
1.80581235091708 0.573070095184717 0
1.82667035129524 0.607201368530796 0
1.8475283516734 0.641332641876873 0
1.86521388892028 0.677210514894781 0
1.88208809921521 0.713477042532849 0
1.89896230951013 0.749743570170916 0
1.91583651980506 0.786010097808984 0
1.93271073009998 0.822276625447052 0
1.9495849403949 0.85854315308512 0
1.96645915068983 0.894809680723187 0
1.98333336098475 0.931076208361255 0
2.00020757127968 0.967342735999323 0
2.01916633804952 1.00256439357767 0
2.03869245252753 1.0374747194626 0
2.05821856700554 1.07238504534753 0
2.07774468148355 1.10729537123245 0
2.09727079596156 1.14220569711738 0
2.11702148841726 1.17698945981666 0
2.13855705950135 1.21069731020915 0
2.16009263058543 1.24440516060164 0
2.18162820166952 1.27811301099412 0
2.20316377275361 1.31182086138661 0
2.2246993438377 1.3455287117791 0
2.24623491492179 1.37923656217158 0
2.26777048600588 1.41294441256407 0
2.28454764630576 1.44925593817608 0
2.30101111520282 1.48571076216243 0
2.31747458409988 1.52216558614878 0
2.33393805299694 1.55862041013512 0
2.35040152189399 1.59507523412147 0
2.36532646571093 1.63218649995897 0
2.37502789071239 1.67099219996478 0
2.38472931571384 1.70979789997059 0
2.3970695379139 1.74784680161116 0
2.4123399440907 1.78481725867076 0
2.42761035026749 1.82178771573036 0
2.44288075644428 1.85875817278996 0
2.43859016693743 1.89852739256712 0
2.40888737799468 1.92531814337822 0
2.37918458905194 1.95210889418932 0
2.34948180010919 1.97889964500043 0
2.31977901116645 2.00569039581153 0
2.2900762222237 2.03248114662264 0
2.26063530685705 2.05955941285911 0
2.23128487989632 2.08673573411904 0
2.2019344529356 2.11391205537898 0
2.16934088233517 2.13709953379977 0
2.12947053008834 2.14031745420175 0
2.09400713624172 2.12181481393395 0
2.06076365145747 2.09956912402783 0
2.03162698826524 2.07216374393518 0
1.99327506375691 2.06080021074753 0
1.95492313924857 2.04943667755987 0
1.91549972357699 2.0562038259095 0
1.87790798663745 2.06987354843297 0
1.84655257459235 2.04503732216001 0
1.82104986603098 2.01422154931502 0
1.79554715746961 1.98340577647003 0
1.78096147120137 1.94615986721701 0
1.77035521188053 1.90759165150486 0
1.75974895255968 1.86902343579271 0
1.74651805563664 1.83127501375136 0
1.72697392087936 1.79637477311337 0
1.70742978612209 1.76147453247538 0
1.74445709712956 1.74634250552736 0
1.78297565791813 1.73555730850656 0
1.8165248693972 1.71377542591729 0
1.84882051428752 1.6901747623436 0
1.87918698812766 1.66413868609322 0
1.8965769507609 1.62811662063863 0
1.91396691339414 1.59209455518405 0
1.92546709782576 1.55378338503696 0
1.92998348534753 1.51403917484537 0
1.93449987286931 1.47429496465378 0
1.93901626039108 1.4345507544622 0
1.93434315014413 1.39482466680409 0
1.92685866582853 1.35553112414719 0
1.91937418151293 1.31623758149029 0
1.90944476788455 1.27748959128439 0
1.88940331706287 1.24287253986515 0
1.86936186624121 1.2082554884459 0
1.84932041541954 1.17363843702666 0
1.8305888655284 1.13829541736682 0
1.81316642840423 1.10228904731019 0
1.79574399128007 1.06628267725357 0
1.77576402663612 1.03163010140665 0
1.75424260851925 0.99791321302355 0
1.73272119040237 0.964196324640448 0
1.71119977228549 0.930479436257346 0
1.68967835416862 0.896762547874244 0
1.67187146719417 0.860944748161263 0
1.65431805525397 0.825002047521807 0
1.63676464331377 0.789059346882351 0
1.61921123137357 0.753116646242893 0
1.59702473691238 0.719833625593862 0
1.57446627106608 0.686801586318918 0
1.55190780521978 0.653769547043976 0
1.52934933937348 0.620737507769034 0
1.54265356798652 0.658460146873583 0
1.55785032214559 0.69546093960872 0
1.57304707630466 0.732461732343857 0
1.58824383046374 0.769462525078997 0
1.60203776955102 0.807008859713103 0
1.60812005692118 0.846543727619131 0
1.61420234429134 0.886078595525155 0
1.62028463166149 0.925613463431179 0
1.63311697770955 0.963499224541431 0
1.64710714432948 1.00097288513053 0
1.66109731094941 1.03844654571962 0
1.67508747756934 1.07592020630872 0
1.68907764418927 1.11339386689781 0
1.7030678108092 1.15086752748691 0
1.71606885079115 1.18869573071397 0
1.72252839351557 1.22817071402988 0
1.72898793624 1.26764569734579 0
1.73544747896442 1.3071206806617 0
1.74190702168884 1.34659566397761 0
1.74047005619218 1.38656984477174 0
1.7302126682312 1.42523230708621 0
1.71995528027021 1.46389476940068 0
1.70969789230923 1.50255723171515 0
1.69405585267237 1.53937199228749 0
1.66428616132458 1.56608838195858 0
1.63451646997679 1.59280477162967 0
1.60474677862901 1.61952116130076 0
1.57497708728122 1.64623755097185 0
1.53847982097611 1.66260671564979 0
1.50123010978788 1.67718268959301 0
1.46398039859965 1.69175866353623 0
1.42673068741142 1.70633463747945 0
1.38732063698789 1.71317919192916 0
1.34750663644568 1.71703215972357 0
1.30769263590347 1.72088512751797 0
1.26787863536125 1.72473809531238 0
1.22806463481904 1.72859106310679 0
1.18806674011498 1.72900145224285 0
1.14817602993671 1.72604658482224 0
1.10828531975845 1.72309171740162 0
1.06839460958018 1.72013684998101 0
1.02850389940191 1.7171819825604 0
0.989026603489524 1.71073658827875 0
0.949570846536238 1.70416062878654 0
0.910076427990569 1.69782099916491 0
0.870578802713901 1.69150137912064 0
0.830819204611651 1.68712252553236 0
0.791008219254625 1.68323852696094 0
0.751197233897601 1.67935452838953 0
0.711633144454586 1.67346531566242 0
0.672827444448774 1.66376389066097 0
0.63402174444296 1.65406246565952 0
0.595789899082375 1.64230125822472 0
0.558051493496332 1.62904181842422 0
0.520313087910289 1.61578237862372 0
0.483987286257813 1.59903615115885 0
0.452413197562757 1.57447852661826 0
0.423648749837181 1.54668272572959 0
0.399994203292082 1.51442652589536 0
0.376339656746985 1.48217032606113 0
0.346292408520012 1.45576648403034 0
0.307244926112652 1.4470892657176 0
0.295103405844501 1.40897649245747 0
0.291219407273086 1.36916550710045 0
0.287335408701671 1.32935452174342 0
0.281468775960083 1.28978707779925 0
0.273228356718088 1.25064508639978 0
0.264987937476093 1.21150309500031 0
0.258003849516184 1.17211753272975 0
0.256227824971358 1.1321569804711 0
0.254451800426532 1.09219642821245 0
0.252675775881707 1.0522358759538 0
0.248054992633159 1.01250366783281 0
0.239528309624486 0.973423037376402 0
0.231001626615814 0.934342406920005 0
0.222474943607142 0.895261776463607 0
0.21394826059847 0.856181146007209 0
0.20352923457865 0.817561929329519 0
0.192293284447823 0.77917243304919 0
0.181057334316995 0.740782936768861 0
0.166740539045913 0.703432844758721 0
0.134740539045912 0.679432844758719 0
0.102740539045913 0.655432844758719 0
0.0707405390459143 0.63143284475872 0
0.0310945226890652 0.626123100223195 0
-0.00890547731093462 0.626123100223195 0
-0.0488333089479644 0.62372137984714 0
-0.0886531278517226 0.61992901614202 0
-0.128472946755481 0.6161366524369 0
-0.168378680091364 0.613392122071706 0
-0.207716807634925 0.620638619250782 0
-0.247054935178491 0.627885116429859 0
-0.286393062722053 0.635131613608936 0
-0.325734399224081 0.642360669026775 0
-0.365076285873363 0.649586729839909 0
-0.404418172522645 0.656812790653043 0
-0.443760059171927 0.664038851466177 0
-0.482124857215506 0.675358845771631 0
-0.519863262801549 0.688618285572133 0
-0.557601668387592 0.701877725372636 0
-0.594856233770373 0.716441288059694 0
-0.631243753924897 0.733052982043281 0
-0.667631274079416 0.749664676026866 0
-0.70401879423394 0.766276370010453 0
-0.672380496906856 0.790751217144666 0
-0.632898387521897 0.797167059919722 0
-0.593416278136938 0.803582902694779 0
-0.553934168751979 0.809998745469835 0
-0.51445205936702 0.816414588244891 0
-0.474969949982069 0.822830431019946 0
-0.440683329054666 0.843432072347291 0
-0.408529653086539 0.867225792563703 0
-0.376375977118417 0.891019512780112 0
-0.344222301150295 0.91481323299652 0
-0.312068625182172 0.938606953212929 0
-0.291348111901497 0.972821867057413 0
-0.279584677947998 1.01105302740629 0
-0.267821243994497 1.04928418775517 0
-0.263223460243636 1.08901906392939 0
-0.280420803459331 1.12513348468235 0
-0.297618146675025 1.1612479054353 0
-0.31481548989072 1.19736232618826 0
-0.340772879682937 1.22779608893911 0
-0.376549967322932 1.24568463275911 0
-0.412327054962927 1.26357317657911 0
-0.448551374910654 1.28053780579181 0
-0.485357560335795 1.2962000123557 0
-0.522163745760937 1.31186221891959 0
-0.558969931186078 1.32752442548348 0
-0.59645212962931 1.34149170151935 0
-0.636360517714016 1.34419735494882 0
-0.676268905798722 1.3469030083783 0
-0.716177293883428 1.34960866180777 0
-0.756085681968134 1.35231431523724 0
-0.795921440924441 1.35593540738947 0
-0.83514466795208 1.363780052795 0
-0.874367894979715 1.37162469820053 0
-0.91359112200735 1.37946934360606 0
-0.953144905469096 1.38542738135866 0
-0.993092412008158 1.38747597143759 0
-1.03303991854722 1.38952456151651 0
-1.07295948970453 1.39205987976414 0
-1.11135948970453 1.40325987976414 0
-1.14975948970453 1.41445987976414 0
-1.18815948970452 1.42565987976414 0
-1.22655948970452 1.43685987976414 0
-1.26180586582406 1.45577265244401 0
-1.29637979933244 1.47588839557616 0
-1.33095373284081 1.4960041387083 0
-1.36552766634918 1.51611988184045 0
-1.40010159985756 1.5362356249726 0
-1.43114503277392 1.56146071709865 0
-1.45836307674861 1.5907724567637 0
-1.4855811207233 1.62008419642876 0
-1.51279916469799 1.64939593609381 0
-1.54001720867268 1.67870767575886 0
-1.56723525264737 1.70801941542391 0
-1.59522145657229 1.7365986454673 0
-1.62820199067805 1.7592323453438 0
-1.6611825247838 1.78186604522029 0
-1.69416305888956 1.80449974509679 0
-1.72714359299531 1.82713344497329 0
-1.76012412710106 1.84976714484978 0
-1.79561282831271 1.86822119823407 0
-1.83126823352098 1.88635106528912 0
-1.86692363872925 1.90448093234418 0
-1.90257904393752 1.92261079939923 0
-1.9382344491458 1.94074066645428 0
-1.97730027984069 1.94933490127292 0
-2.0167899246692 1.94296560371993 0
-2.0562795694977 1.93659630616694 0
-2.07427787314889 1.90087430922277 0
-2.08518197604713 1.86238924017015 0
-2.09608607894537 1.82390417111754 0
-2.10699018184361 1.78541910206492 0
-2.11789428474185 1.7469340330123 0
-2.10578043806724 1.70881245488726 0
-2.08442071841172 1.67499289876602 0
-2.08521539253432 1.63500079338209 0
-2.08963265357731 1.59524544399515 0
-2.0940499146203 1.5554900946082 0
-2.08716781885246 1.51608658260937 0
-2.07825482679238 1.47709224234649 0
-2.06934183473229 1.43809790208362 0
-2.04279649268654 1.40817558907687 0
-2.01364256980278 1.38078857061031 0
-1.98448864691902 1.35340155214375 0
-1.95590276478527 1.32542214288201 0
-1.93701390828466 1.29016294408086 0
-1.91812505178404 1.25490374527971 0
-1.89169169370597 1.22488245981894 0
-1.8571641895808 1.20468712721742 0
-1.82263668545562 1.1844917946159 0
-1.78810918133044 1.16429646201439 0
-1.75358167720527 1.14410112941287 0
-1.71800332644107 1.12582051244024 0
-1.68027083080757 1.1125442639766 0
-1.64253833517408 1.09926801551296 0
-1.60480583954058 1.08599176704933 0
-1.56707334390709 1.07271551858569 0
-1.53104762849984 1.05533311859616 0
-1.49730116899055 1.03385809890843 0
-1.46355470948127 1.01238307922071 0
-1.42719439926451 0.995711911266989 0
-1.38721988509061 0.997139572487485 0
-1.34724537091671 0.998567233707982 0
-1.30727085674281 0.999994894928478 0
-1.26729634256891 1.00142255614897 0
-1.22738157143369 1.00403235407662 0
-1.18754584317498 1.00765378391832 0
-1.14771011491627 1.01127521376002 0
-1.10787438665756 1.01489664360172 0
-1.06795853433792 1.01748985273263 0
-1.02802962970627 1.01987366793452 0
-0.988100725074624 1.02225748313641 0
-0.948171820442975 1.0246412983383 0
-0.908242915811327 1.02702511354019 0
-0.914472302850531 0.98751315665223 0
-0.953910558022455 0.98083303472263 0
-0.993628429749234 0.976090602277642 0
-1.03334630147601 0.971348169832653 0
-1.07306417320279 0.966605737387665 0
-1.11278204492957 0.961863304942677 0
-1.15196206916509 0.953805656346185 0
-1.188574670462 0.937696111775543 0
-1.2251872717589 0.921586567204904 0
-1.26179987305581 0.905477022634263 0
-1.29841247435272 0.889367478063622 0
-1.33765656139539 0.881627863590827 0
-1.37744002110936 0.877471382725188 0
-1.41722348082334 0.873314901859549 0
-1.45700694053732 0.869158420993909 0
-1.4967904002513 0.86500194012827 0
-1.5364838490502 0.860059256398899 0
-1.572996579126 0.843724613996567 0
-1.6095093092018 0.827389971594236 0
-1.6460220392776 0.811055329191906 0
-1.68424562116696 0.799267293412033 0
-1.72337960929171 0.790988949770258 0
-1.76251359741647 0.782710606128483 0
-1.80164758554123 0.774432262486706 0
-1.84077498794911 0.766122847296002 0
-1.87985098864497 0.757574972143783 0
-1.91892698934082 0.749027096991565 0
-1.95800299003667 0.740479221839347 0
-1.99707899073252 0.73193134668713 0
-2.03615499142837 0.723383471534912 0
-2.07434341047892 0.711482015723953 0
-2.11184042135931 0.697554554539808 0
-2.1493374322397 0.683627093355663 0
-2.18858468415475 0.675903543840293 0
-2.22856836761318 0.674761152884338 0
-2.26855205107161 0.673618761928383 0
-2.30816213010215 0.679190264346467 0
-2.3467303458143 0.689796523667308 0
-2.38529856152645 0.70040278298815 0
-2.42427199349897 0.709406759903011 0
-2.46375621260887 0.703003913560864 0
-2.50324043171878 0.696601067218718 0
-2.54272465082868 0.690198220876571 0
-2.56773984294389 0.658985400378594 0
-2.59173984294389 0.626985400378594 0
-2.57951066534362 0.588900663078451 0
-2.56295854757157 0.552486003979948 0
-2.54640642979953 0.516071344881444 0
-2.52985431202748 0.479656685782941 0
-2.50934852411543 0.445312651918148 0
-2.48829433953077 0.411302046050634 0
-2.49789027255294 0.372470125296774 0
-2.51364704449611 0.335704324096051 0
-2.53138802413734 0.299853833982672 0
-2.55318755816116 0.266316089330645 0
-2.57468922573509 0.232586602356487 0
-2.59554722611325 0.198455329010406 0
-2.61640522649141 0.164324055664328 0
-2.63726322686957 0.130192782318251 0
-2.64808356836015 0.091684079275598 0
-2.65592821376567 0.0524608522479612 0
-2.66269638197749 0.0130376116523868 0
-2.6656512493981 -0.0268530985258826 0
-2.66860611681871 -0.066743808704152 0
-2.65951141554317 -0.105696169463272 0
-2.64980999054171 -0.144501869469088 0
-2.64010856554026 -0.183307569474904 0
-2.62830432648284 -0.221526150561535 0
-2.61437686529869 -0.259023161441928 0
-2.60044940411455 -0.296520172322318 0
-2.58532642077905 -0.333551177912693 0
-2.56812907756336 -0.36966559866565 0
-2.56784123250581 -0.40966456296753 0
-2.58651157728813 -0.445039953081409 0
-2.60518192207046 -0.480415343195288 0
-2.62198077460011 -0.516716838394342 0
-2.62379708103686 -0.556675580002754 0
-2.62146994641795 -0.596607828179703 0
-2.60882083577728 -0.634555160101723 0
-2.59136455032664 -0.670545132292122 0
-2.55744461816644 -0.69174508989225 0
-2.52352468600624 -0.712945047492377 0
-2.4851960988392 -0.724387049318064 0
-2.44630060675998 -0.733721967417077 0
-2.4074974718159 -0.724010287927372 0
-2.37149110175927 -0.706587850803201 0
-2.33548473170266 -0.689165413679031 0
-2.30353382799879 -0.665100091065231 0
-2.26822378953359 -0.646306443638871 0
-2.23186119661782 -0.662972632058601 0
-2.19549860370205 -0.67963882047833 0
-2.15913601078628 -0.69630500889806 0
-2.1227734178705 -0.71297119731779 0
-2.08500605182015 -0.726147921554794 0
-2.04690908593217 -0.738338950638944 0
-2.00934649146942 -0.75208855053229 0
-1.97220742383401 -0.766944177586454 0
-1.9350683561986 -0.781799804640618 0
-1.89852107850672 -0.798057002840558 0
-1.86206625452037 -0.814520471737619 0
-1.82560767373447 -0.830975619475574 0
-1.78892487148433 -0.846924663932154 0
-1.7522420692342 -0.862873708388732 0
-1.71555926698408 -0.87882275284531 0
-1.67887646473395 -0.894771797301888 0
-1.64467279374972 -0.915510864089057 0
-1.61115287036142 -0.937337790946553 0
-1.57763294697312 -0.959164717804051 0
-1.54411302358482 -0.980991644661547 0
-1.51041307987241 -1.00253958641431 0
-1.47653748031829 -1.02381031171574 0
-1.44266188076416 -1.04508103701717 0
-1.40878628121004 -1.06635176231859 0
-1.37494892029599 -1.08768326499356 0
-1.34123203191288 -1.10920468311043 0
-1.30751514352978 -1.13072610122731 0
-1.27379825514667 -1.15224751934418 0
-1.24008136676357 -1.17376893746106 0
-1.20270906625998 -1.18802765953107 0
-1.16359696969688 -1.1964088230803 0
-1.12448487313379 -1.20478998662953 0
-1.08537277657069 -1.21317115017877 0
-1.04626068000759 -1.22155231372801 0
-1.0071485834445 -1.22993347727724 0
-0.967310572567322 -1.23352970993796 0
-0.927310572567324 -1.23352970993796 0
-0.887310572567326 -1.23352970993796 0
-0.847340720872824 -1.23508243512917 0
-0.807665454285391 -1.24016900776858 0
-0.767990187697958 -1.245255580408 0
-0.798657230607205 -1.2709369448422 0
-0.837031850670054 -1.28222359780186 0
-0.875406470732904 -1.29351025076153 0
-0.913781090795754 -1.30479690372119 0
-0.952155710858604 -1.31608355668085 0
-0.990720943703752 -1.32670065683106 0
-1.02931149655326 -1.33722535306275 0
-1.06790204940277 -1.34775004929443 0
-1.10649260225228 -1.35827474552612 0
-1.14515843797276 -1.3685194098953 0
-1.18443869585198 -1.3760733056413 0
-1.22371895373121 -1.38362720138731 0
-1.26318729619074 -1.3771272057337 0
-1.30228386280833 -1.3686738940326 0
-1.34138042942593 -1.3602205823315 0
-1.37911032280735 -1.34693694030733 0
-1.41609744674635 -1.33170694809716 0
-1.45308457068534 -1.31647695588699 0
-1.49007169462432 -1.30124696367682 0
-1.52731591126385 -1.28665695590068 0
-1.56668099196165 -1.27955833479124 0
-1.60604607265945 -1.2724597136818 0
-1.64541115335726 -1.26536109257236 0
-1.68477623405506 -1.25826247146292 0
-1.72414131475286 -1.25116385035348 0
-1.76018673256843 -1.26850535704987 0
-1.79477829043284 -1.28859077774533 0
-1.82936984829724 -1.30867619844079 0
-1.86661134422464 -1.32327314952961 0
-1.90410021826694 -1.33722249801047 0
-1.94158909230925 -1.35117184649132 0
-1.9787884469778 -1.36587585996533 0
-2.00799930351856 -1.39320214511636 0
-2.03721016005931 -1.42052843026738 0
-2.06642101660007 -1.44785471541841 0
-2.09831849447469 -1.47199080675975 0
-2.13261821150319 -1.49257063697686 0
-2.1669179285317 -1.51315046719396 0
-2.2012176455602 -1.53373029741107 0
-2.2198185756564 -1.5691422360696 0
-2.22575410858781 -1.60869940291482 0
-2.22723457500821 -1.64867199626549 0
-2.2287150414286 -1.68864458961616 0
-2.21880479296073 -1.72739748596347 0
-2.20615568232005 -1.76534481788549 0
-2.20326552467784 -1.80524026861365 0
-2.21296694967929 -1.84404596861947 0
-2.22182047720514 -1.88305385308337 0
-2.22930496152074 -1.92234739574027 0
-2.20755437067383 -1.95591690270433 0
-2.1748421139018 -1.97893663895131 0
-2.14212985712977 -2.0019563751983 0
-2.1088545169798 -2.02415438722423 0
-2.07557250520628 -2.04634239507324 0
-2.04229049343277 -2.06853040292225 0
-2.00245849116945 -2.0721925874745 0
-1.96282528444767 -2.06678805928517 0
-1.93251618549383 -2.04068521421791 0
-1.9046447581233 -2.01199403898354 0
-1.87677333075277 -1.98330286374917 0
-1.84890190338224 -1.9546116885148 0
-1.81845811913059 -1.92866605303522 0
-1.78736832430229 -1.9034981238885 0
-1.75627852947398 -1.87833019474178 0
-1.72518873464568 -1.85316226559506 0
-1.69175666518357 -1.83120101036044 0
-1.65356634265372 -1.81930566399868 0
-1.61537602012387 -1.80741031763692 0
-1.57718569759402 -1.79551497127517 0
-1.53899537506417 -1.78361962491341 0
-1.50080505253432 -1.77172427855165 0
-1.46310989001122 -1.75834239817713 0
-1.42546900504085 -1.74480859683947 0
-1.38782812007048 -1.73127479550181 0
-1.35018723510011 -1.71774099416414 0
-1.31254635012973 -1.70420719282648 0
-1.27490546515936 -1.69067339148882 0
-1.23726458018899 -1.67713959015116 0
-1.19962369521862 -1.6636057888135 0
-1.16122248642385 -1.65240993408503 0
-1.12279991584727 -1.64128761102339 0
-1.08437734527069 -1.63016528796175 0
-1.04729151719824 -1.61517724752343 0
-1.01108203943532 -1.59818096204288 0
-0.974872561672403 -1.58118467656232 0
-0.938663083909485 -1.56418839108176 0
-0.902613727853509 -1.54685507264732 0
-0.867966304411564 -1.52686617450774 0
-0.833318880969618 -1.50687727636816 0
-0.798671457527673 -1.48688837822858 0
-0.764024034085728 -1.466899480089 0
-0.728799226051091 -1.44794656741251 0
-0.689156799586176 -1.44261008692685 0
-0.649514373121261 -1.43727360644118 0
-0.609871946656345 -1.43193712595552 0
-0.57022952019143 -1.42660064546986 0
-0.531896852955483 -1.41517232002042 0
-0.494517343558325 -1.40093250691674 0
-0.457137834161166 -1.38669269381306 0
-0.419758324764008 -1.37245288070939 0
-0.39044110287018 -1.34524074186608 0
-0.36215683162272 -1.31695647061862 0
-0.333872560375259 -1.28867219937116 0
-0.305588289127798 -1.2603879281237 0
-0.281615012346267 -1.22836790313376 0
-0.260212929098893 -1.19457514011159 0
-0.238810845851519 -1.16078237708942 0
-0.239495038890356 -1.12078822901892 0
-0.249893977828271 -1.08216359867809 0
-0.267677232974705 -1.04633406007658 0
-0.292234857515303 -1.01475997138153 0
-0.316792482055902 -0.983185882686476 0
-0.351328823329678 -0.963005666349144 0
-0.389204086878498 -0.950142369294827 0
-0.427079350427318 -0.937279072240511 0
-0.464954613976133 -0.924415775186196 0
-0.502829877524948 -0.911552478131882 0
-0.542456929246086 -0.906103003671856 0
-0.582106045273391 -0.900816454868216 0
-0.621755161300696 -0.895529906064576 0
-0.661500023908255 -0.891019263504299 0
-0.701493869588655 -0.890317617088853 0
-0.741487715269062 -0.889615970673407 0
-0.781481560949463 -0.888914324257961 0
-0.821475406629864 -0.888212677842516 0
-0.86130611464268 -0.884536443465086 0
-0.900433364004905 -0.876226307645123 0
-0.900998256191338 -0.87610633164708 0
