1185
1.22937995852549 -0.354793167329047 1.47454164208734E-16
1.19956624830231 -0.328125908701129 1.26712585035054E-16
1.16975253807913 -0.30145865007321 1.05971005861373E-16
1.13993882785595 -0.274791391445292 8.5229426687693E-17
1.11012511763277 -0.248124132817374 6.44878475140125E-17
1.08031140740959 -0.221456874189456 4.37462683403321E-17
1.05049769718641 -0.194789615561538 2.30046891666516E-17
1.02068398696323 -0.168122356933619 2.26310999297121E-18
0.993841539125377 -0.138466278398654 -8.44789482445874E-18
0.970456779663518 -0.106013959145462 -8.44789482445874E-18
0.94707202020166 -0.0735616398922695 -8.44789482445874E-18
0.923687260739801 -0.0411093206390771 -8.44789482445874E-18
0.900302501277943 -0.00865700138588483 -8.44789482445874E-18
0.876917741816084 0.0237953178673077 -8.44789482445874E-18
0.853532982354226 0.0562476371204991 -8.44789482445874E-18
0.830148222892368 0.0886999563736905 -8.44789482445874E-18
0.812949724717715 0.124813827123535 -8.44789482445874E-18
0.797942014408387 0.161891699652461 -8.44789482445874E-18
0.782934304099058 0.198969572181386 -8.44789482445874E-18
0.767926593789729 0.236047444710312 -8.44789482445874E-18
0.762328216429355 0.275653734247846 -8.44789482445874E-18
0.763808682849749 0.315626327598516 -8.44789482445874E-18
0.765289149270144 0.355598920949187 -8.44789482445874E-18
0.766769615690538 0.395571514299857 -8.44789482445874E-18
0.768250082110933 0.435544107650528 -8.44789482445874E-18
0.769730548531327 0.475516701001199 -8.44789482445874E-18
0.771211014951722 0.51548929435187 -8.44789482445874E-18
0.773729345604141 0.555409940773553 -8.44789482445874E-18
0.784851668665783 0.593832511350136 -8.44789482445874E-18
0.795973991727426 0.632255081926719 -8.44789482445874E-18
0.807096314789068 0.670677652503301 -8.44789482445874E-18
0.81821863785071 0.709100223079884 -8.44789482445874E-18
0.829340960912352 0.747522793656466 -8.44789482445874E-18
0.840463283973995 0.785945364233049 -8.44789482445874E-18
0.851585607035637 0.824367934809631 -8.44789482445874E-18
0.874342968600109 0.857263261143685 -8.44789482445874E-18
0.899609886646602 0.888272660564375 -8.44789482445874E-18
0.924876804693094 0.919282059985065 -8.44789482445874E-18
0.950143722739587 0.950291459405754 -8.44789482445874E-18
0.975410640786079 0.981300858826443 -8.44789482445874E-18
1.00067755883257 1.01231025824713 -8.44789482445874E-18
1.02830227870872 1.04123904757134 -8.44789482445874E-18
1.05937959181516 1.06642238750242 -8.44789482445874E-18
1.0904569049216 1.0916057274335 -8.44789482445874E-18
1.12153421802804 1.11678906736459 -8.44789482445874E-18
1.15261153113447 1.14197240729567 -8.44789482445874E-18
1.18368884424091 1.16715574722675 -8.44789482445874E-18
1.21476615734735 1.19233908715783 -8.44789482445874E-18
1.2482185624036 1.21426935382179 -8.44789482445874E-18
1.28377068909994 1.23260091914959 -8.44789482445874E-18
1.31932281579628 1.25093248447739 -8.44789482445874E-18
1.35487494249262 1.26926404980519 -8.44789482445874E-18
1.39042706918896 1.28759561513299 -8.44789482445874E-18
1.4259791958853 1.30592718046079 -8.44789482445874E-18
1.46153132258164 1.32425874578859 -8.44789482445874E-18
1.49910484172296 1.33797846369156 -8.44789482445874E-18
1.5369874768996 1.35082003493787 -8.44789482445874E-18
1.57487011207623 1.36366160618419 -8.44789482445874E-18
1.61275274725286 1.37650317743051 -8.44789482445874E-18
1.65063538242949 1.38934474867682 -8.44789482445874E-18
1.68896356078637 1.40078811985158 -8.44789482445874E-18
1.72889453571337 1.39843923897352 -8.44789482445874E-18
1.76882551064037 1.39609035809546 -8.44789482445874E-18
1.80875648556737 1.3937414772174 -8.44789482445874E-18
1.84868746049437 1.39139259633934 -8.44789482445874E-18
1.88861843542137 1.38904371546128 -8.44789482445874E-18
1.92854941034837 1.38669483458322 -8.44789482445874E-18
1.96699169448238 1.37564084025717 -8.44789482445874E-18
2.00480182777442 1.36258734185873 -8.44789482445874E-18
2.04261196106646 1.34953384346029 -8.44789482445874E-18
2.0804220943585 1.33648034506185 -8.44789482445874E-18
2.11823222765054 1.32342684666341 -8.44789482445874E-18
2.15604236094258 1.31037334826497 -8.44789482445874E-18
2.19385249423462 1.29731984986653 -8.44789482445874E-18
2.23166262752666 1.28426635146809 -8.44789482445874E-18
2.27149429689914 1.28060054800886 -8.44789482445874E-18
2.31142166524077 1.28300995816741 -8.44789482445874E-18
2.35134903358239 1.28541936832595 -8.44789482445874E-18
2.39127640192402 1.2878287784845 -8.44789482445874E-18
2.43120377026565 1.29023818864304 -8.44789482445874E-18
2.47113113860727 1.29264759880159 -8.44789482445874E-18
2.5110585069489 1.29505700896013 -8.44789482445874E-18
2.55098587529053 1.29746641911868 -8.44789482445874E-18
2.59091324363215 1.29987582927722 -8.44789482445874E-18
2.63084061197378 1.30228523943577 -8.44789482445874E-18
2.6707679803154 1.30469464959432 -8.44789482445874E-18
2.7064284246544 1.32281460294816 -8.44789482445874E-18
2.72872492743684 1.35602402877386 -8.44789482445874E-18
2.73209320335297 1.39588196044815 -8.44789482445874E-18
2.73546147926911 1.43573989212245 -8.44789482445874E-18
2.73882975518525 1.47559782379674 -8.44789482445874E-18
2.74219803110138 1.51545575547104 -8.44789482445874E-18
2.74556630701752 1.55531368714534 -8.44789482445874E-18
2.74893458293365 1.59517161881963 -8.44789482445874E-18
2.70912411302438 1.59906089710778 -8.44789482445874E-18
2.6691866858914 1.60129739302723 -8.44789482445874E-18
2.62924925875841 1.60353388894667 -8.44789482445874E-18
2.58931183162543 1.60577038486612 -8.44789482445874E-18
2.54937440449245 1.60800688078557 -8.44789482445874E-18
2.50943697735947 1.61024337670501 -8.44789482445874E-18
2.46949955022649 1.61247987262446 -8.44789482445874E-18
2.4295621230935 1.6147163685439 -8.44789482445874E-18
2.38962469596052 1.61695286446335 -8.44789482445874E-18
2.34968726882754 1.6191893603828 -8.44789482445874E-18
2.30974984169456 1.62142585630224 -8.44789482445874E-18
2.34804295289214 1.63298603081691 -8.44789482445874E-18
2.38748049519752 1.63967036002122 -8.44789482445874E-18
2.42691803750289 1.64635468922552 -8.44789482445874E-18
2.46635557980827 1.65303901842982 -8.44789482445874E-18
2.50579312211365 1.65972334763412 -8.44789482445874E-18
2.54523066441903 1.66640767683842 -8.44789482445874E-18
2.58466820672441 1.67309200604273 -8.44789482445874E-18
2.62410574902979 1.67977633524703 -8.44789482445874E-18
2.66354329133516 1.68646066445133 -8.44789482445874E-18
2.70298083364054 1.69314499365563 -8.44789482445874E-18
2.71003342829152 1.73251834642993 -8.44789482445874E-18
2.69626324232519 1.77007339906539 -8.44789482445874E-18
2.68249305635885 1.80762845170086 -8.44789482445874E-18
2.66872287039251 1.84518350433632 -8.44789482445874E-18
2.65495268442618 1.88273855697178 -8.44789482445874E-18
2.64051611856036 1.92004251877213 -8.44789482445874E-18
2.61576122949622 1.95146218566124 -8.44789482445874E-18
2.59100634043208 1.98288185255034 -8.44789482445874E-18
2.56625145136794 2.01430151943944 -8.44789482445874E-18
2.533819643741 2.03771471772692 -8.44789482445874E-18
2.49461692465606 2.02976822061511 -8.44789482445874E-18
2.45541420557113 2.0218217235033 -8.44789482445874E-18
2.4162114864862 2.01387522639149 -8.44789482445874E-18
2.37700876740127 2.00592872927968 -8.44789482445874E-18
2.33780604831634 1.99798223216787 -8.44789482445874E-18
2.29860332923141 1.99003573505606 -8.44789482445874E-18
2.25940061014648 1.98208923794425 -8.44789482445874E-18
2.22019789106155 1.97414274083244 -8.44789482445874E-18
2.18099517197662 1.96619624372063 -8.44789482445874E-18
2.14179245289169 1.95824974660882 -8.44789482445874E-18
2.10258973380676 1.95030324949701 -8.44789482445874E-18
2.06338701472183 1.9423567523852 -8.44789482445874E-18
2.0241842956369 1.93441025527339 -8.44789482445874E-18
2.05834763243386 1.95521569732341 -8.44789482445874E-18
2.09500099138234 1.97123229114964 -8.44789482445874E-18
2.13165435033081 1.98724888497586 -8.44789482445874E-18
2.16830770927929 2.00326547880209 -8.44789482445874E-18
2.20496106822776 2.01928207262831 -8.44789482445874E-18
2.24161442717624 2.03529866645454 -8.44789482445874E-18
2.27826778612471 2.05131526028076 -8.44789482445874E-18
2.31492114507318 2.06733185410698 -8.44789482445874E-18
2.35157450402166 2.08334844793321 -8.44789482445874E-18
2.38822786297014 2.09936504175943 -8.44789482445874E-18
2.42488122191861 2.11538163558566 -8.44789482445874E-18
2.40710233922294 2.15121334403074 -8.44789482445874E-18
2.37797433951523 2.17862793199094 -8.44789482445874E-18
2.34884633980752 2.20604251995114 -8.44789482445874E-18
2.3197183400998 2.23345710791134 -8.44789482445874E-18
2.28252941216087 2.24818747242661 -8.44789482445874E-18
2.24399775920772 2.25892580193814 -8.44789482445874E-18
2.20546610625457 2.26966413144967 -8.44789482445874E-18
2.16693445330143 2.2804024609612 -8.44789482445874E-18
2.12840280034828 2.29114079047274 -8.44789482445874E-18
2.08987114739513 2.30187911998427 -8.44789482445874E-18
2.0500654611577 2.30581705639401 -8.44789482445874E-18
2.01022255552999 2.30935864800536 -8.44789482445874E-18
1.97037964990229 2.31290023961671 -8.44789482445874E-18
1.93053674427458 2.31644183122807 -8.44789482445874E-18
1.89678016912887 2.29498271581218 -8.44789482445874E-18
1.86704840327899 2.26822412654728 -8.44789482445874E-18
1.8373166374291 2.24146553728238 -8.44789482445874E-18
1.80758487157922 2.21470694801748 -8.44789482445874E-18
1.77785310572933 2.18794835875259 -8.44789482445874E-18
1.74812133987944 2.16118976948769 -8.44789482445874E-18
1.71838957402956 2.13443118022279 -8.44789482445874E-18
1.68865780817967 2.10767259095789 -8.44789482445874E-18
1.65892604232979 2.08091400169299 -8.44789482445874E-18
1.6291942764799 2.05415541242809 -8.44789482445874E-18
1.59946251063001 2.02739682316319 -8.44789482445874E-18
1.56973074478013 2.00063823389829 -8.44789482445874E-18
1.58897312750829 2.03570575030512 -8.44789482445874E-18
1.61243351999437 2.06810343516684 -8.44789482445874E-18
1.63589391248044 2.10050112002856 -8.44789482445874E-18
1.65935430496652 2.13289880489028 -8.44789482445874E-18
1.68281469745259 2.165296489752 -8.44789482445874E-18
1.70627508993867 2.19769417461373 -8.44789482445874E-18
1.72973548242474 2.23009185947545 -8.44789482445874E-18
1.75319587491082 2.26248954433717 -8.44789482445874E-18
1.77665626739689 2.29488722919889 -8.44789482445874E-18
1.80011665988296 2.32728491406061 -8.44789482445874E-18
1.82357705236904 2.35968259892233 -8.44789482445874E-18
1.84703744485511 2.39208028378406 -8.44789482445874E-18
1.81694467299099 2.41843223023084 -8.44789482445874E-18
1.77719720402133 2.42291984769515 -8.44789482445874E-18
1.73744973505167 2.42740746515947 -8.44789482445874E-18
1.69770226608202 2.43189508262379 -8.44789482445874E-18
1.65795479711236 2.4363827000881 -8.44789482445874E-18
1.61807133292346 2.43943381206454 -8.44789482445874E-18
1.57807770894964 2.44014798392121 -8.44789482445874E-18
1.53808408497582 2.44086215577789 -8.44789482445874E-18
1.498090461002 2.44157632763456 -8.44789482445874E-18
1.45809683702819 2.44229049949124 -8.44789482445874E-18
1.4192109404309 2.43291569038253 -8.44789482445874E-18
1.3956481631844 2.40059239339054 -8.44789482445874E-18
1.37208538593791 2.36826909639855 -8.44789482445874E-18
1.34852260869141 2.33594579940657 -8.44789482445874E-18
1.32495983144492 2.30362250241458 -8.44789482445874E-18
1.30139705419843 2.2712992054226 -8.44789482445874E-18
1.27783427695193 2.23897590843061 -8.44789482445874E-18
1.25427149970544 2.20665261143862 -8.44789482445874E-18
1.23070872245894 2.17432931444664 -8.44789482445874E-18
1.20714594521245 2.14200601745465 -8.44789482445874E-18
1.18358316796595 2.10968272046266 -8.44789482445874E-18
1.16002039071946 2.07735942347068 -8.44789482445874E-18
1.15032718524128 2.11616717743245 -8.44789482445874E-18
1.1572391643616 2.15556545841831 -8.44789482445874E-18
1.16415114348192 2.19496373940416 -8.44789482445874E-18
1.17106312260225 2.23436202039001 -8.44789482445874E-18
1.17797510172257 2.27376030137587 -8.44789482445874E-18
1.1848870808429 2.31315858236172 -8.44789482445874E-18
1.19179905996322 2.35255686334757 -8.44789482445874E-18
1.19871103908354 2.39195514433342 -8.44789482445874E-18
1.20562301820387 2.43135342531927 -8.44789482445874E-18
1.19473223845932 2.46984226677437 -8.44789482445874E-18
1.15481522610059 2.4724175578943 -8.44789482445874E-18
1.11489821374185 2.47499284901422 -8.44789482445874E-18
1.07498120138311 2.47756814013414 -8.44789482445874E-18
1.03506418902437 2.48014343125406 -8.44789482445874E-18
0.995147176665634 2.48271872237398 -8.44789482445874E-18
0.955310888275352 2.47910345927341 -8.44789482445874E-18
0.91580036966219 2.47286495633449 -8.44789482445874E-18
0.876289851049027 2.46662645339557 -8.44789482445874E-18
0.841418750496848 2.44703037352535 -8.44789482445874E-18
0.837760674799019 2.40719799370455 -8.44789482445874E-18
0.834102599101189 2.36736561388374 -8.44789482445874E-18
0.83044452340336 2.32753323406294 -8.44789482445874E-18
0.826786447705531 2.28770085424213 -8.44789482445874E-18
0.823128372007701 2.24786847442133 -8.44789482445874E-18
0.819470296309872 2.20803609460052 -8.44789482445874E-18
0.815812220612043 2.16820371477971 -8.44789482445874E-18
0.812154144914213 2.12837133495891 -8.44789482445874E-18
0.802499383296409 2.16718867101 -8.44789482445874E-18
0.798408792875533 2.20697895964942 -8.44789482445874E-18
0.794318202454658 2.24676924828885 -8.44789482445874E-18
0.790227612033783 2.28655953692827 -8.44789482445874E-18
0.786137021612907 2.3263498255677 -8.44789482445874E-18
0.782046431192032 2.36614011420712 -8.44789482445874E-18
0.777955840771156 2.40593040284654 -8.44789482445874E-18
0.773865250350281 2.44572069148597 -8.44789482445874E-18
0.769774659929406 2.48551098012539 -8.44789482445874E-18
0.730084149160298 2.48054475873611 -8.44789482445874E-18
0.692473515162048 2.46692711539192 -8.44789482445874E-18
0.654862881163798 2.45330947204772 -8.44789482445874E-18
0.617252247165548 2.43969182870353 -8.44789482445874E-18
0.579641613167298 2.42607418535933 -8.44789482445874E-18
0.546051682403031 2.40435514874967 -8.44789482445874E-18
0.52370766722387 2.37117767166546 -8.44789482445874E-18
0.501363652044707 2.33800019458125 -8.44789482445874E-18
0.479019636865545 2.30482271749703 -8.44789482445874E-18
0.456675621686382 2.27164524041282 -8.44789482445874E-18
0.434331606507221 2.23846776332861 -8.44789482445874E-18
0.438811384549544 2.19871941004584 -8.44789482445874E-18
0.445343205999145 2.15925632212117 -8.44789482445874E-18
0.451875027448747 2.11979323419649 -8.44789482445874E-18
0.458406848898348 2.08033014627182 -8.44789482445874E-18
0.464938670347949 2.04086705834714 -8.44789482445874E-18
0.47147049179755 2.00140397042246 -8.44789482445874E-18
0.478002313247151 1.96194088249779 -8.44789482445874E-18
0.484534134696753 1.92247779457311 -8.44789482445874E-18
0.491065956146354 1.88301470664844 -8.44789482445874E-18
0.497597777595955 1.84355161872376 -8.44789482445874E-18
0.504129599045556 1.80408853079909 -8.44789482445874E-18
0.510661420495157 1.76462544287442 -8.44789482445874E-18
0.517193241944758 1.72516235494975 -8.44789482445874E-18
0.498227278781702 1.76038013797619 -8.44789482445874E-18
0.483886249318318 1.7977209316733 -8.44789482445874E-18
0.469545219854934 1.83506172537042 -8.44789482445874E-18
0.45520419039155 1.87240251906753 -8.44789482445874E-18
0.440863160928165 1.90974331276464 -8.44789482445874E-18
0.426522131464781 1.94708410646176 -8.44789482445874E-18
0.412181102001397 1.98442490015887 -8.44789482445874E-18
0.397840072538013 2.02176569385598 -8.44789482445874E-18
0.383499043074629 2.0591064875531 -8.44789482445874E-18
0.369158013611245 2.09644728125021 -8.44789482445874E-18
0.354816984147861 2.13378807494732 -8.44789482445874E-18
0.340475954684477 2.17112886864444 -8.44789482445874E-18
0.326134925221093 2.20846966234155 -8.44789482445874E-18
0.300668849194917 2.17762360956605 -8.44789482445874E-18
0.276370844892085 2.14584929624696 -8.44789482445874E-18
0.252072840589254 2.11407498292786 -8.44789482445874E-18
0.227774836286423 2.08230066960878 -8.44789482445874E-18
0.203476831983593 2.05052635628969 -8.44789482445874E-18
0.180228187026182 2.01797638689424 -8.44789482445874E-18
0.167966932382602 1.97990196457997 -8.44789482445874E-18
0.155705677739023 1.9418275422657 -8.44789482445874E-18
0.143444423095443 1.90375311995144 -8.44789482445874E-18
0.131183168451864 1.86567869763717 -8.44789482445874E-18
0.118921913808284 1.8276042753229 -8.44789482445874E-18
0.119567906109675 1.78760949198874 -8.44789482445874E-18
0.137962076016133 1.75208971561764 -8.44789482445874E-18
0.156356245922591 1.71656993924655 -8.44789482445874E-18
0.174750415829048 1.68105016287546 -8.44789482445874E-18
0.193144585735505 1.64553038650437 -8.44789482445874E-18
0.211538755641963 1.61001061013327 -8.44789482445874E-18
0.229932925548421 1.57449083376218 -8.44789482445874E-18
0.24832709545488 1.53897105739108 -8.44789482445874E-18
0.266721265361336 1.50345128101999 -8.44789482445874E-18
0.285115435267793 1.4679315046489 -8.44789482445874E-18
0.30350960517425 1.43241172827781 -8.44789482445874E-18
0.321903775080707 1.39689195190672 -8.44789482445874E-18
0.29483014531142 1.42633713098778 -8.44789482445874E-18
0.269054133677983 1.45692466479279 -8.44789482445874E-18
0.243278122044547 1.48751219859781 -8.44789482445874E-18
0.217502110411108 1.51809973240282 -8.44789482445874E-18
0.191726098777669 1.54868726620784 -8.44789482445874E-18
0.165950087144232 1.57927480001285 -8.44789482445874E-18
0.140174075510796 1.60986233381786 -8.44789482445874E-18
0.114398063877359 1.64044986762287 -8.44789482445874E-18
0.088622052243922 1.67103740142789 -8.44789482445874E-18
0.0628460406104833 1.7016249352329 -8.44789482445874E-18
0.0249869259952887 1.68871418620143 -8.44789482445874E-18
0.000376091779169186 1.65718155486203 -8.44789482445874E-18
-0.0242347424369495 1.62564892352263 -8.44789482445874E-18
-0.0488455766530682 1.59411629218322 -8.44789482445874E-18
-0.0726783888564916 1.5619915810954 -8.44789482445874E-18
-0.0918324740837138 1.52687575817882 -8.44789482445874E-18
-0.110986559310937 1.49175993526224 -8.44789482445874E-18
-0.130140644538159 1.45664411234567 -8.44789482445874E-18
-0.149294729765381 1.42152828942909 -8.44789482445874E-18
-0.137166918620937 1.38341115159262 -8.44789482445874E-18
-0.108882647373476 1.35512688034516 -8.44789482445874E-18
-0.0805983761260128 1.32684260909769 -8.44789482445874E-18
-0.0523141048785518 1.29855833785023 -8.44789482445874E-18
-0.0240298336310908 1.27027406660277 -8.44789482445874E-18
0.00425443761637015 1.24198979535531 -8.44789482445874E-18
0.0325387088638311 1.21370552410784 -8.44789482445874E-18
0.0608229801112921 1.18542125286038 -8.44789482445874E-18
0.0891072513587531 1.15713698161292 -8.44789482445874E-18
0.117391522606214 1.12885271036546 -8.44789482445874E-18
0.145675793853675 1.10056843911799 -8.44789482445874E-18
0.173960065101136 1.07228416787053 -8.44789482445874E-18
0.202244336348597 1.04399989662307 -8.44789482445874E-18
0.165547048032225 1.05991558166096 1.09318081265135E-17
0.131346751193968 1.08066021219937 2.34797724199349E-17
0.0971464543557099 1.10140484273778 3.60277367133563E-17
0.0629461575174552 1.12214947327619 4.85757010067766E-17
0.0287458606791976 1.1428941038146 6.1123665300198E-17
-0.00545443615906013 1.16363873435301 7.36716295936194E-17
-0.0396547329973178 1.18438336489142 8.62195938870408E-17
-0.0738550298355755 1.20512799542983 9.87675581804622E-17
-0.108055326673833 1.22587262596824 1.11315522473884E-16
-0.142255623512091 1.24661725650665 1.23863486767305E-16
-0.176455920350349 1.26736188704507 1.36411451060726E-16
-0.214758517506833 1.25583318152068 1.22694920624721E-16
-0.225381792243353 1.21726964908559 9.06381861136144E-17
-0.236005066979873 1.17870611665049 5.85814516025081E-17
-0.246628341716393 1.1401425842154 2.65247170914019E-17
-0.257251616452913 1.10157905178031 -5.53201741970436E-18
-0.258217908473643 1.06159072498697 -8.44789482445874E-18
-0.258217908473643 1.02159072498697 -8.44789482445874E-18
-0.258217908473643 0.981590724986973 -8.44789482445874E-18
-0.231280895041577 0.952020515191291 -8.44789482445874E-18
-0.197309482030016 0.930903150346268 -8.44789482445874E-18
-0.163338069018452 0.909785785501242 -8.44789482445874E-18
-0.129366656006888 0.888668420656217 -8.44789482445874E-18
-0.0953952429953235 0.867551055811192 -8.44789482445874E-18
-0.0614238299837593 0.846433690966167 -8.44789482445874E-18
-0.0274524169721952 0.825316326121142 -8.44789482445874E-18
0.00651899603936898 0.804198961276117 -8.44789482445874E-18
0.0404904090509302 0.783081596431094 -8.44789482445874E-18
0.0744618220624944 0.761964231586069 -8.44789482445874E-18
0.108433235074056 0.740846866741045 -8.44789482445874E-18
0.142404648085617 0.719729501896022 -8.44789482445874E-18
0.104715632413985 0.706330319170815 -8.44789482445874E-18
0.0652144410235759 0.700033027789736 -8.44789482445874E-18
0.0257132496331646 0.693735736408656 -8.44789482445874E-18
-0.0137879417572448 0.687438445027577 -8.44789482445874E-18
-0.0532891331476543 0.681141153646497 -8.44789482445874E-18
-0.0927903245380638 0.674843862265418 -8.44789482445874E-18
-0.132455550453946 0.669679575960223 -8.44789482445874E-18
-0.172170623993421 0.664913767135484 -8.44789482445874E-18
-0.211885697532898 0.660147958310745 -8.44789482445874E-18
-0.251600771072374 0.655382149486006 -8.44789482445874E-18
-0.291407693995181 0.651456733913391 -8.44789482445874E-18
-0.331149000901438 0.655998597559818 -8.44789482445874E-18
-0.370890307807695 0.660540461206244 -8.44789482445874E-18
-0.410631614713951 0.665082324852671 -8.44789482445874E-18
-0.446770841682451 0.682227477932166 -8.44789482445874E-18
-0.481780503100021 0.701574922399771 -8.44789482445874E-18
-0.516790164517591 0.720922366867378 -8.44789482445874E-18
-0.551799825935161 0.740269811334983 -8.44789482445874E-18
-0.583779764008749 0.764296537304399 -8.44789482445874E-18
-0.615104197908681 0.789171823048465 -8.44789482445874E-18
-0.646428631808611 0.81404710879253 -8.44789482445874E-18
-0.677753065708542 0.838922394536595 -8.44789482445874E-18
-0.711223896202348 0.860824529273986 -8.44789482445874E-18
-0.745099495756472 0.88209525457541 -8.44789482445874E-18
-0.778975095310597 0.903365979876836 -8.44789482445874E-18
-0.81285069486472 0.92463670517826 -8.44789482445874E-18
-0.847455786088043 0.944698800318739 -8.44789482445874E-18
-0.885490643347511 0.957082242217174 -8.44789482445874E-18
-0.923525500606979 0.969465684115608 -8.44789482445874E-18
-0.961560357866447 0.981849126014043 -8.44789482445874E-18
-0.999595215125915 0.994232567912477 -8.44789482445874E-18
-1.0392458034867 0.999508062452684 1.4755922109398E-17
-1.07892711613746 1.00454725150576 3.87084033743227E-17
-1.11860842878822 1.00958644055883 6.26608846392474E-17
-1.15828974143898 1.0146256296119 8.6613365904172E-17
-1.19797105408974 1.01966481866497 1.10565847169097E-16
-1.2376523667405 1.02470400771805 1.34518328434021E-16
-1.27764642754413 1.0240147324206 1.36277675623984E-16
-1.31698790077843 1.01678642115484 1.12591656799689E-16
-1.35632937401274 1.00955810988908 8.89056379753945E-17
-1.39567084724704 1.00232979862331 6.52196191511005E-17
-1.43501232048134 0.99510148735755 4.15336003268065E-17
-1.47435379371564 0.987873176091787 1.78475815025125E-17
-1.51369526694994 0.980644864826024 -5.83843732178147E-18
-1.55304860217798 0.97348141548727 -8.44789482445874E-18
-1.59240339858198 0.96632599795927 -8.44789482445874E-18
-1.63175819498598 0.959170580431271 -8.44789482445874E-18
-1.67111299138997 0.952015162903271 -8.44789482445874E-18
-1.71046778779397 0.944859745375272 -8.44789482445874E-18
-1.75007911599715 0.939297131063624 -8.44789482445874E-18
-1.78977023106569 0.934335741680058 -8.44789482445874E-18
-1.82946134613424 0.929374352296491 -8.44789482445874E-18
-1.8691566187296 0.924446337119972 -8.44789482445874E-18
-1.90897297989361 0.92827483338574 -8.44789482445874E-18
-1.94878934105762 0.932103329651509 -8.44789482445874E-18
-1.98860570222163 0.935931825917278 -8.44789482445874E-18
-2.02842206338564 0.939760322183046 -8.44789482445874E-18
-2.06838163347785 0.941558309403794 -8.44789482445874E-18
-2.10771291367723 0.934274738996501 -8.44789482445874E-18
-2.14704419387661 0.926991168589208 -8.44789482445874E-18
-2.18637547407599 0.919707598181916 -8.44789482445874E-18
-2.22570675427537 0.912424027774623 -8.44789482445874E-18
-2.26490213304622 0.90444140395726 -8.44789482445874E-18
-2.30260722205267 0.891087518267477 -8.44789482445874E-18
-2.34031231105912 0.877733632577694 -8.44789482445874E-18
-2.37801740006556 0.864379746887912 -8.44789482445874E-18
-2.41572248907201 0.85102586119813 -8.44789482445874E-18
-2.45217024708542 0.834546755160612 -8.44789482445874E-18
-2.48639025024616 0.813834647984382 -8.44789482445874E-18
-2.52061025340689 0.793122540808153 -8.44789482445874E-18
-2.55483025656762 0.772410433631923 -8.44789482445874E-18
-2.58687107054189 0.748464948882898 -8.44789482445874E-18
-2.6132631174705 0.718407339880876 -8.44789482445874E-18
-2.6396551643991 0.688349730878854 -8.44789482445874E-18
-2.6660472113277 0.658292121876832 -8.44789482445874E-18
-2.69243925825631 0.62823451287481 -8.44789482445874E-18
-2.71743333771374 0.597004783576023 -8.44789482445874E-18
-2.73870406301517 0.5631291840219 -8.44789482445874E-18
-2.7599747883166 0.529253584467776 -8.44789482445874E-18
-2.78124551361802 0.495377984913652 -8.44789482445874E-18
-2.80251623891945 0.461502385359529 -8.44789482445874E-18
-2.82406160524471 0.427800795042297 -8.44789482445874E-18
-2.845791656371 0.394217988756208 -8.44789482445874E-18
-2.86752170749729 0.360635182470122 -8.44789482445874E-18
-2.88925175862358 0.327052376184036 -8.44789482445874E-18
-2.91098180974987 0.29346956989795 -8.44789482445874E-18
-2.93271186087616 0.259886763611864 -8.44789482445874E-18
-2.95090048102544 0.224261293831589 -8.44789482445874E-18
-2.96903877077426 0.188610172601145 -8.44789482445874E-18
-2.98717706052309 0.1529590513707 -8.44789482445874E-18
-3.00531535027191 0.117307930140256 -8.44789482445874E-18
-3.02345364002073 0.0816568089098117 -8.44789482445874E-18
-3.04179786886803 0.0461112146962116 -8.44789482445874E-18
-3.06247263282939 0.0118686368852144 -8.44789482445874E-18
-3.08314739679075 -0.0223739409257828 -8.44789482445874E-18
-3.1038221607521 -0.05661651873678 -8.44789482445874E-18
-3.12449692471346 -0.0908590965477772 -8.44789482445874E-18
-3.14517168867482 -0.125101674358774 -8.44789482445874E-18
-3.16603693980513 -0.159228515631721 -8.44789482445874E-18
-3.18723689740526 -0.193148447791926 -8.44789482445874E-18
-3.20843685500539 -0.227068379952129 -8.44789482445874E-18
-3.22963681260552 -0.260988312112332 -8.44789482445874E-18
-3.25584307249898 -0.291208039814553 -8.44789482445874E-18
-3.28270384948853 -0.320847517871991 -8.44789482445874E-18
-3.30956462647809 -0.350486995929429 -8.44789482445874E-18
-3.33642540346764 -0.380126473986868 -8.44789482445874E-18
-3.34844822387814 -0.418276857856193 8.79271204625186E-17
-3.35316143060482 -0.457998208316011 1.28615225794575E-16
-3.35123674741674 -0.497951876415769 8.72230126845505E-17
-3.34931206422866 -0.537905544515525 4.5830799574528E-17
-3.34738738104058 -0.577859212615283 4.4385864645032E-18
-3.3429471225429 -0.617611999995212 -8.44789482445874E-18
-3.33737692928693 -0.657222263148733 -8.44789482445874E-18
-3.33180673603097 -0.696832526302251 -8.44789482445874E-18
-3.326236542775 -0.736442789455772 -8.44789482445874E-18
-3.32066634951904 -0.776053052609293 -8.44789482445874E-18
-3.31509615626308 -0.815663315762814 -8.44789482445874E-18
-3.31173934289768 -0.855522214443408 -8.44789482445874E-18
-3.30924421145147 -0.895444317582724 -8.44789482445874E-18
-3.30674908000527 -0.93536642072204 -8.44789482445874E-18
-3.30425394855906 -0.975288523861356 -8.44789482445874E-18
-3.30245463217694 -1.01524803412559 -8.44789482445874E-18
-3.30245463217694 -1.05524803412559 -8.44789482445874E-18
-3.30245463217694 -1.09524803412559 -8.44789482445874E-18
-3.30245463217694 -1.13524803412559 -8.44789482445874E-18
-3.30245463217694 -1.17524803412558 -8.44789482445874E-18
-3.26465980473544 -1.18834578273622 -8.44789482445874E-18
-3.22480593877378 -1.19176182839008 -8.44789482445874E-18
-3.18495207281211 -1.19517787404393 -8.44789482445874E-18
-3.14534709296304 -1.18957023896708 -8.44789482445874E-18
-3.10643484437563 -1.18030541787484 -8.44789482445874E-18
-3.06752259578821 -1.1710405967826 -8.44789482445874E-18
-3.0286103472008 -1.16177577569036 -8.44789482445874E-18
-2.99418862414509 -1.14140066877344 -8.44789482445874E-18
-2.96218862414508 -1.11740066877344 -8.44789482445874E-18
-2.93018862414508 -1.09340066877344 -8.44789482445874E-18
-2.89818862414508 -1.06940066877344 -8.44789482445874E-18
-2.88164812655796 -1.03298073000949 -6.81145155746864E-19
-2.87666010386611 -0.993292953180521 1.09446943369691E-17
-2.87167208117425 -0.953605176351556 2.25705338296851E-17
-2.86668405848239 -0.913917399522591 3.41963733224011E-17
-2.86169603579054 -0.874229622693633 4.58222128151149E-17
-2.85670801309868 -0.834541845864668 5.74480523078308E-17
-2.85171999040683 -0.794854069035703 6.90738918005468E-17
-2.84673196771497 -0.755166292206738 8.06997312932628E-17
-2.84174394502311 -0.715478515377773 9.23255707859788E-17
-2.83675592233126 -0.675790738548807 1.03951410278695E-16
-2.8317678996394 -0.63610296171985 1.15577249771409E-16
-2.82677987694755 -0.596415184890892 1.27203089264122E-16
-2.82179185425569 -0.556727408061934 1.38828928756836E-16
-2.81037518700885 -0.595063549090666 1.24020252432685E-16
-2.80585086732023 -0.63480685709787 1.10279722956935E-16
-2.80132654763161 -0.674550165105074 9.65391934811849E-17
-2.79680222794298 -0.714293473112278 8.27986640054348E-17
-2.79227790825436 -0.754036781119482 6.90581345296847E-17
-2.78775358856574 -0.793780089126686 5.53176050539346E-17
-2.78322926887712 -0.83352339713389 4.15770755781846E-17
-2.7787049491885 -0.873266705141088 2.78365461024367E-17
-2.77418062949987 -0.913010013148292 1.40960166266866E-17
-2.76965630981125 -0.95275332115549 3.55487150938772E-19
-2.73165494054433 -0.940267491834246 -8.44789482445874E-18
-2.70449326127964 -0.910903514250792 -8.44789482445874E-18
-2.67733158201494 -0.881539536667335 -8.44789482445874E-18
-2.65016990275024 -0.852175559083879 -8.44789482445874E-18
-2.6288690075551 -0.818318922158671 -8.44789482445874E-18
-2.62494858036764 -0.778511507639917 -8.44789482445874E-18
-2.62102815318019 -0.738704093121164 -8.44789482445874E-18
-2.61710772599274 -0.698896678602404 -8.44789482445874E-18
-2.61318729880528 -0.659089264083651 -8.44789482445874E-18
-2.60926687161783 -0.619281849564897 -8.44789482445874E-18
-2.60534644443038 -0.579474435046144 -8.44789482445874E-18
-2.60142601724293 -0.539667020527391 -8.44789482445874E-18
-2.59750559005547 -0.499859606008638 -8.44789482445874E-18
-2.59358516286802 -0.460052191489884 -8.44789482445874E-18
-2.58966473568057 -0.420244776971131 -8.44789482445874E-18
-2.58574430849312 -0.380437362452378 -8.44789482445874E-18
-2.55306204843277 -0.40349966670299 -8.44789482445874E-18
-2.53583899621788 -0.439601833845739 -8.44789482445874E-18
-2.51861594400299 -0.475704000988495 -8.44789482445874E-18
-2.5013928917881 -0.511806168131239 -8.44789482445874E-18
-2.48416983957321 -0.547908335273995 -8.44789482445874E-18
-2.46694678735832 -0.584010502416744 -8.44789482445874E-18
-2.44972373514343 -0.620112669559494 -8.44789482445874E-18
-2.43250068292854 -0.656214836702244 -8.44789482445874E-18
-2.41527763071365 -0.692317003844994 -8.44789482445874E-18
-2.39805457849876 -0.728419170987744 -8.44789482445874E-18
-2.3590145248164 -0.719708590727019 -8.44789482445874E-18
-2.32828567363251 -0.694101214740438 -8.44789482445874E-18
-2.32422524505342 -0.654307836902493 -1.74205605468641E-19
-2.32512378007569 -0.614317930240762 9.08319950757028E-18
-2.32602231509796 -0.574328023579031 1.83406046206092E-17
-2.32692085012023 -0.5343381169173 2.75980097336481E-17
-2.3278193851425 -0.494348210255568 3.6855414846687E-17
-2.32871792016477 -0.454358303593837 4.61128199597259E-17
-2.32961645518704 -0.414368396932106 5.53702250727649E-17
-2.33051499020931 -0.374378490270375 6.46276301858038E-17
-2.33141352523158 -0.334388583608644 7.38850352988427E-17
-2.33231206025385 -0.294398676946913 8.31424404118816E-17
-2.33321059527612 -0.254408770285182 9.23998455249205E-17
-2.33410913029839 -0.21441886362345 1.01657250637959E-16
-2.33500766532066 -0.174428956961719 1.10914655750998E-16
-2.33590620034293 -0.134439050299988 1.20172060864037E-16
-2.3368047353652 -0.0944491436382568 1.29429465977076E-16
-2.33770327038747 -0.0544592369765257 1.38686871090115E-16
-2.3207145253918 -0.0906722531926893 1.23998959292665E-16
-2.31135026271859 -0.129560690864925 1.11687060144776E-16
-2.30198600004538 -0.168449128537153 9.93751609968895E-17
-2.29262173737217 -0.207337566209381 8.70632618490032E-17
-2.28325747469896 -0.24622600388161 7.47513627011168E-17
-2.27389321202574 -0.285114441553845 6.24394635532282E-17
-2.26452894935253 -0.32400287922608 5.01275644053396E-17
-2.25516468667932 -0.362891316898315 3.7815665257451E-17
-2.24580042400611 -0.401779754570551 2.55037661095624E-17
-2.23643616133289 -0.440668192242786 1.31918669616738E-17
-2.22707189865968 -0.479556629915021 8.7996781378521E-19
-2.18887850758004 -0.49144212013788 -8.44789482445874E-18
-2.15405599403124 -0.471759829871162 -8.44789482445874E-18
-2.11923348048243 -0.452077539604443 -8.44789482445874E-18
-2.08441096693363 -0.432395249337725 -8.44789482445874E-18
-2.04996978420191 -0.412053053486729 -8.44789482445874E-18
-2.04724322137613 -0.372146088491169 -8.44789482445874E-18
-2.04451665855034 -0.33223912349561 -8.44789482445874E-18
-2.04179009572456 -0.292332158500051 -8.44789482445874E-18
-2.03906353289877 -0.252425193504483 -8.44789482445874E-18
-2.03633697007299 -0.212518228508923 -8.44789482445874E-18
-2.03361040724721 -0.172611263513364 -8.44789482445874E-18
-2.03088384442142 -0.132704298517796 -8.44789482445874E-18
-2.02815728159564 -0.0927973335222369 -8.44789482445874E-18
-2.02543071876986 -0.0528903685266776 -8.44789482445874E-18
-2.02270415594407 -0.0129834035311182 -8.44789482445874E-18
-2.01997759311829 0.0269235614644411 -8.44789482445874E-18
-2.0172510302925 0.0668305264600005 -8.44789482445874E-18
-2.01452446746672 0.10673749145556 -8.44789482445874E-18
-2.01179790464094 0.146644456451119 -8.44789482445874E-18
-1.99938372921278 0.108619619193885 -8.44789482445874E-18
-1.99396647796175 0.0689881495153173 -8.44789482445874E-18
-1.98854922671072 0.0293566798367493 -8.44789482445874E-18
-1.98313197545969 -0.0102747898418188 -8.44789482445874E-18
-1.97771472420867 -0.0499062595203869 -8.44789482445874E-18
-1.97229747295764 -0.0895377291989549 -8.44789482445874E-18
-1.96688022170661 -0.129169198877523 -8.44789482445874E-18
-1.96146297045558 -0.168800668556091 -8.44789482445874E-18
-1.95604571920456 -0.208432138234659 -8.44789482445874E-18
-1.95062846795353 -0.248063607913227 -8.44789482445874E-18
-1.9452112167025 -0.287695077591795 -8.44789482445874E-18
-1.93979396545147 -0.327326547270363 -8.44789482445874E-18
-1.89989122905092 -0.324538783337037 -8.44789482445874E-18
-1.86053643264692 -0.317383365809041 -8.44789482445874E-18
-1.82118163624293 -0.310227948281045 -8.44789482445874E-18
-1.810484390322 -0.271684869399011 -8.44789482445874E-18
-1.80341197174565 -0.232315072657339 -8.44789482445874E-18
-1.7963395531693 -0.192945275915666 -8.44789482445874E-18
-1.78926713459295 -0.153575479173985 -8.44789482445874E-18
-1.7821947160166 -0.114205682432312 -8.44789482445874E-18
-1.77512229744025 -0.0748358856906395 -8.44789482445874E-18
-1.7680498788639 -0.0354660889489581 -8.44789482445874E-18
-1.76097746028755 0.00390370779272331 -8.44789482445874E-18
-1.7539050417112 0.0432735045344047 -8.44789482445874E-18
-1.74683262313485 0.0826433012760773 -8.44789482445874E-18
-1.7397602045585 0.12201309801775 -8.44789482445874E-18
-1.73268778598216 0.161382894759423 -8.44789482445874E-18
-1.72561536740581 0.200752691501095 -8.44789482445874E-18
-1.71854294882946 0.240122488242768 -8.44789482445874E-18
-1.71147053025311 0.27949228498444 -8.44789482445874E-18
-1.70598725705405 0.239869895921889 -8.44789482445874E-18
-1.70571515450648 0.199870821430053 -8.44789482445874E-18
-1.70544305195892 0.159871746938216 -8.44789482445874E-18
-1.70517094941136 0.119872672446379 -8.44789482445874E-18
-1.70489884686379 0.0798735979545427 -8.44789482445874E-18
-1.70462674431623 0.0398745234627061 -8.44789482445874E-18
-1.70435464176867 -0.000124551029130476 -8.44789482445874E-18
-1.7040825392211 -0.0401236255209671 -8.44789482445874E-18
-1.70381043667354 -0.0801227000128037 -8.44789482445874E-18
-1.70353833412598 -0.12012177450464 -8.44789482445874E-18
-1.70326623157841 -0.160120848996477 -8.44789482445874E-18
-1.70299412903085 -0.200119923488314 -8.44789482445874E-18
-1.6841499358909 -0.235403012708283 2.18390898483865E-17
-1.64415289968223 -0.234916089180153 8.69583511215819E-17
-1.60485333525093 -0.227463288665571 1.47454164208734E-16
-1.59314820398268 -0.189214237670903 1.47454164208734E-16
-1.58144307271443 -0.150965186676225 1.47454164208734E-16
-1.56973794144618 -0.112716135681548 1.47454164208734E-16
-1.55803281017793 -0.0744670846868801 1.47454164208734E-16
-1.54632767890968 -0.0362180336922121 1.47454164208734E-16
-1.53462254764144 0.00203101730245581 1.47454164208734E-16
-1.52291741637319 0.0402800682971331 1.47454164208734E-16
-1.51121228510494 0.0785291192918011 1.47454164208734E-16
-1.49950715383669 0.116778170286469 1.47454164208734E-16
-1.48780202256844 0.155027221281137 1.47454164208734E-16
-1.47609689130019 0.193276272275805 1.47454164208734E-16
-1.46439176003194 0.231525323270482 1.47454164208734E-16
-1.45268662876369 0.269774374265159 1.47454164208734E-16
-1.44098149749544 0.308023425259827 1.47454164208734E-16
-1.4292763662272 0.346272476254495 1.47454164208734E-16
-1.41757123495895 0.384521527249163 1.47454164208734E-16
-1.4058661036907 0.422770578243831 1.47454164208734E-16
-1.40776355550446 0.38281560763172 1.36527413528109E-16
-1.41032579397005 0.342897755309171 1.26315887209718E-16
-1.41288803243564 0.302979902986614 1.16104360891325E-16
-1.41545027090123 0.263062050664057 1.05892834572931E-16
-1.41801250936682 0.223144198341499 9.5681308254538E-17
-1.42057474783241 0.183226346018942 8.54697819361446E-17
-1.423136986298 0.143308493696384 7.52582556177512E-17
-1.42569922476359 0.103390641373827 6.50467292993578E-17
-1.42826146322918 0.0634727890512694 5.48352029809645E-17
-1.43082370169477 0.023554936728712 4.46236766625711E-17
-1.43338594016036 -0.0163629155938454 3.44121503441777E-17
-1.43594817862595 -0.0562807679164028 2.42006240257843E-17
-1.43851041709154 -0.0961986202389603 1.39890977073909E-17
-1.44107265555713 -0.136116472561518 3.77757138899757E-18
-1.44363489402272 -0.176034324884075 -6.43395492939581E-18
-1.40551137903129 -0.163926575105614 -8.44789482445874E-18
-1.36998267330505 -0.145549658350659 -8.44789482445874E-18
-1.33634562327631 -0.123903668759883 -8.44789482445874E-18
-1.33068876902681 -0.0843056890134341 -8.44789482445874E-18
-1.32503191477732 -0.0447077092669881 -8.44789482445874E-18
-1.31937506052783 -0.00510972952054203 -8.44789482445874E-18
-1.31371820627833 0.034488250225904 -8.44789482445874E-18
-1.29472668935847 0.0696922597288406 -8.57279958199595E-19
-1.26707337293698 0.0985937145519668 1.19317857161847E-17
-1.23942005651549 0.127495169375088 2.47208513905668E-17
-1.211766740094 0.156396624198214 3.75099170649511E-17
-1.18411342367251 0.185298079021335 5.02989827393331E-17
-1.15646010725103 0.214199533844457 6.30880484137152E-17
-1.12880679082954 0.243100988667578 7.58771140880973E-17
-1.10115347440805 0.272002443490704 8.86661797624816E-17
-1.07350015798656 0.30090389831383 1.01455245436866E-16
-1.04584684156507 0.329805353136951 1.14244311111248E-16
-1.01819352514358 0.358706807960078 1.27033376785632E-16
-0.990540208722089 0.387608262783204 1.39822442460017E-16
-0.999180303783359 0.348552549278875 1.21730836415705E-16
-1.01549008058664 0.312028705277637 1.05043869157248E-16
-1.03179985738991 0.275504861276395 8.83569018987885E-17
-1.04810963419319 0.238981017275152 7.16699346403293E-17
-1.06441941099647 0.202457173273909 5.49829673818702E-17
-1.08072918779975 0.165933329272667 3.8296000123411E-17
-1.09703896460303 0.129409485271424 2.16090328649519E-17
-1.11334874140631 0.0928856412701819 4.92206560649271E-18
-1.12865020633353 0.0559280281021074 -8.44789482445874E-18
-1.13980261412809 0.0175141790319623 -8.44789482445874E-18
-1.15095502192265 -0.0208996700381829 -8.44789482445874E-18
-1.13296823472915 -0.0566274671498971 -8.44789482445874E-18
-1.09385613816605 -0.0650086306991358 -8.44789482445874E-18
-1.0543255456408 -0.0711186433507131 -8.44789482445874E-18
-1.02647302080417 -0.0424091177498826 -8.44789482445874E-18
-0.998620495967539 -0.0136995921490449 -8.44789482445874E-18
-0.970767971130908 0.0150099334517892 -8.44789482445874E-18
-0.942915446294278 0.0437194590526233 -8.44789482445874E-18
-0.915062921457647 0.0724289846534574 -8.44789482445874E-18
-0.887210396621017 0.101138510254291 -8.44789482445874E-18
-0.859357871784386 0.129848035855126 -8.44789482445874E-18
-0.831505346947756 0.15855756145596 -8.44789482445874E-18
-0.839854532451663 0.119438626125081 -8.44789482445874E-18
-0.85572065615361 0.0827198827005747 -8.44789482445874E-18
-0.871586779855557 0.0460011392760682 -8.44789482445874E-18
-0.887452903557503 0.009282395851566 -8.44789482445874E-18
-0.903319027259448 -0.0274363475729363 -8.44789482445874E-18
-0.919185150961394 -0.0641550909974385 -8.44789482445874E-18
-0.935051274663339 -0.100873834421941 -8.44789482445874E-18
-0.951347949793901 -0.137403526176577 -8.44789482445874E-18
-0.968443134469637 -0.173566416836791 -8.44789482445874E-18
-0.985538319145373 -0.209729307497004 -8.44789482445874E-18
-1.00263350382111 -0.245892198157218 -8.44789482445874E-18
-1.01972868849685 -0.282055088817431 -8.44789482445874E-18
-1.03682387317258 -0.318217979477645 -8.44789482445874E-18
-1.05848336502016 -0.351846336751005 -8.44789482445874E-18
-1.08173289276893 -0.384395675599275 -8.44789482445874E-18
-1.10498242051769 -0.416945014447544 -8.44789482445874E-18
-1.12823194826645 -0.449494353295812 -8.44789482445874E-18
-1.15148147601522 -0.482043692144082 -8.44789482445874E-18
-1.17071258420886 -0.517117392799192 -8.44789482445874E-18
-1.18979625872503 -0.552271530065819 -8.44789482445874E-18
-1.20887993324121 -0.587425667332447 -8.44789482445874E-18
-1.22486641158098 -0.624092171260311 -8.44789482445874E-18
-1.2329325284078 -0.663270452990577 -8.44789482445874E-18
-1.24099864523461 -0.702448734720844 -8.44789482445874E-18
-1.24881393639521 -0.741677821175606 -8.44789482445874E-18
-1.25410048519885 -0.781326937202912 -8.44789482445874E-18
-1.25938703400249 -0.820976053230216 -8.44789482445874E-18
-1.26467358280614 -0.860625169257521 -8.44789482445874E-18
-1.26996013160978 -0.900274285284825 -8.44789482445874E-18
-1.26921692729316 -0.940267380280633 -8.44789482445874E-18
-1.26778926607267 -0.980241894454535 -8.44789482445874E-18
-1.260476628725 -1.01956778077667 -8.44789482445874E-18
-1.24156392053242 -1.05481419149921 -8.44789482445874E-18
-1.22265121233984 -1.09006060222175 -8.44789482445874E-18
-1.20373850414726 -1.1253070129443 -8.44789482445874E-18
-1.184608946612 -1.16043620349155 -8.44789482445874E-18
-1.16017680844032 -1.19210749371409 -8.44789482445874E-18
-1.13574467026865 -1.22377878393663 -8.44789482445874E-18
-1.11131253209697 -1.25545007415916 -8.44789482445874E-18
-1.0868803939253 -1.2871213643817 -8.44789482445874E-18
-1.05064051575613 -1.30405273261597 -8.44789482445874E-18
-1.01404380369322 -1.32019834087902 -8.44789482445874E-18
-0.977447091630301 -1.33634394914208 -8.44789482445874E-18
-0.966343418672778 -1.29791598475607 -8.44789482445874E-18
-0.971661634403048 -1.25827110385769 -8.44789482445874E-18
-0.976979850133318 -1.21862622295931 -8.44789482445874E-18
-0.982298065863588 -1.17898134206093 -8.44789482445874E-18
-0.987616281593857 -1.13933646116256 -8.44789482445874E-18
-0.992934497324127 -1.09969158026418 -8.44789482445874E-18
-0.998252713054397 -1.06004669936581 -8.44789482445874E-18
-0.976654244340726 -1.09371428242763 -8.44789482445874E-18
-0.959988055920999 -1.1300768753434 -8.44789482445874E-18
-0.943321867501272 -1.16643946825917 -8.44789482445874E-18
-0.926655679081542 -1.20280206117494 -8.44789482445874E-18
-0.909989490661815 -1.23916465409071 -8.44789482445874E-18
-0.893323302242088 -1.27552724700648 -8.44789482445874E-18
-0.876657113822359 -1.31188983992225 -8.44789482445874E-18
-0.859990925402629 -1.34825243283803 -8.44789482445874E-18
-0.843324736982902 -1.3846150257538 -8.44789482445874E-18
-0.808041087518325 -1.40345816987734 -8.44789482445874E-18
-0.769301370214451 -1.41341981146977 -8.44789482445874E-18
-0.730561652910578 -1.4233814530622 -8.44789482445874E-18
-0.691959435108508 -1.43386328404544 -8.44789482445874E-18
-0.653540780465127 -1.44499912597106 -8.44789482445874E-18
-0.615122125821739 -1.45613496789668 -8.44789482445874E-18
-0.576703471178355 -1.4672708098223 -8.44789482445874E-18
-0.53828481653497 -1.47840665174792 -8.44789482445874E-18
-0.499866161891582 -1.48954249367354 -8.44789482445874E-18
-0.461447507248198 -1.50067833559916 -8.44789482445874E-18
-0.478860387058502 -1.46466734260102 -8.44789482445874E-18
-0.500678622510301 -1.43114176129704 -8.44789482445874E-18
-0.522496857962095 -1.39761617999306 -8.44789482445874E-18
-0.544315093413898 -1.36409059868907 -8.44789482445874E-18
-0.566133328865697 -1.33056501738509 -8.44789482445874E-18
-0.587951564317496 -1.2970394360811 -8.44789482445874E-18
-0.609769799769295 -1.26351385477712 -8.44789482445874E-18
-0.631588035221094 -1.22998827347314 -8.44789482445874E-18
-0.653406270672892 -1.19646269216915 -8.44789482445874E-18
-0.675224506124691 -1.16293711086517 -8.44789482445874E-18
-0.69704274157649 -1.12941152956119 -8.44789482445874E-18
-0.718860977028289 -1.0958859482572 -8.44789482445874E-18
-0.740679212480088 -1.06236036695322 -8.44789482445874E-18
-0.708703334071161 -1.08639249544774 -8.44789482445874E-18
-0.680651843433879 -1.11490764708729 -8.44789482445874E-18
-0.652600352796603 -1.14342279872683 -8.44789482445874E-18
-0.624548862159321 -1.17193795036638 -8.44789482445874E-18
-0.596497371522046 -1.20045310200593 -8.44789482445874E-18
-0.56844588088477 -1.22896825364547 -8.44789482445874E-18
-0.540394390247482 -1.25748340528503 -8.44789482445874E-18
-0.512342899610206 -1.28599855692457 -8.44789482445874E-18
-0.484291408972917 -1.31451370856413 -8.44789482445874E-18
-0.456239918335635 -1.34302886020368 -8.44789482445874E-18
-0.428188427698353 -1.37154401184323 -8.44789482445874E-18
-0.400136937061071 -1.40005916348279 -8.44789482445874E-18
-0.372085446423789 -1.42857431512234 -8.44789482445874E-18
-0.344033955786507 -1.45708946676189 -8.44789482445874E-18
-0.315982465149231 -1.48560461840143 -8.44789482445874E-18
-0.280566746332249 -1.46701088664376 -8.44789482445874E-18
-0.249970298407564 -1.44124545681245 -8.44789482445874E-18
-0.236584354150827 -1.40355173722476 -8.44789482445874E-18
-0.232261986920092 -1.36378595870198 -8.44789482445874E-18
-0.227939619689357 -1.3240201801792 -8.44789482445874E-18
-0.223617252458622 -1.28425440165642 -8.44789482445874E-18
-0.221273288040349 -1.24432313782962 -8.44789482445874E-18
-0.221273288040349 -1.20432313782962 -8.44789482445874E-18
-0.228812072431101 -1.16503997693453 -8.44789482445874E-18
-0.261558371390694 -1.14206869258974 -8.44789482445874E-18
-0.294304670350288 -1.11909740824495 -8.44789482445874E-18
-0.327050969309878 -1.09612612390016 -8.44789482445874E-18
-0.359797268269469 -1.07315483955537 -8.44789482445874E-18
-0.392543567229059 -1.05018355521059 -8.44789482445874E-18
-0.425289866188649 -1.0272122708658 -8.44789482445874E-18
-0.458036165148239 -1.00424098652101 -8.44789482445874E-18
-0.479497326502414 -0.970485712069011 -8.44789482445874E-18
-0.494613206399478 -0.933451806321205 -8.44789482445874E-18
-0.509729086296543 -0.896417900573396 -8.44789482445874E-18
-0.524844966193607 -0.859383994825587 -8.44789482445874E-18
-0.539960846090671 -0.822350089077781 -8.44789482445874E-18
-0.514123100671064 -0.852885493310108 -8.44789482445874E-18
-0.489770349265499 -0.884617866353723 -8.44789482445874E-18
-0.465417597859937 -0.916350239397335 -8.44789482445874E-18
-0.441064846454374 -0.948082612440947 -8.44789482445874E-18
-0.412903739796184 -0.976489514274587 -8.44789482445874E-18
-0.374098039790372 -0.986190939276042 -8.44789482445874E-18
-0.33529233978456 -0.995892364277496 -8.44789482445874E-18
-0.296486639778748 -1.00559378927895 -8.44789482445874E-18
-0.257680939772933 -1.01529521428041 -8.44789482445874E-18
-0.218875239767118 -1.02499663928186 -8.44789482445874E-18
-0.180189601410228 -1.03516626980218 -8.44789482445874E-18
-0.142679650981279 -1.04905884403513 -8.44789482445874E-18
-0.105169700552329 -1.06295141826807 -8.44789482445874E-18
-0.0784324945508073 -1.09270241514603 -8.44789482445874E-18
-0.0677267399993624 -1.13124313153123 -8.44789482445874E-18
-0.0570209854479174 -1.16978384791642 -8.44789482445874E-18
-0.0474396932580997 -1.20861938370484 -8.44789482445874E-18
-0.0459023683740523 -1.24858983069009 -8.44789482445874E-18
-0.0443650434900048 -1.28856027767535 -8.44789482445874E-18
-0.0428277186059574 -1.3285307246606 -8.44789482445874E-18
-0.0412903937219099 -1.36850117164585 -8.44789482445874E-18
-0.0389703210991509 -1.40843383074871 -8.44789482445874E-18
-0.034990172338313 -1.44823531835711 -8.44789482445874E-18
-0.0310100235774752 -1.4880368059655 -8.44789482445874E-18
-0.0270298748166373 -1.5278382935739 -8.44789482445874E-18
-0.0233922141438512 -1.56767254296849 -8.44789482445874E-18
-0.01997616848999 -1.60752640893015 -8.44789482445874E-18
-0.0165601228361287 -1.64738027489182 -8.44789482445874E-18
-0.0122695488310169 -1.68714949634142 -8.44789482445874E-18
-0.0064497892112227 -1.72672386175602 -8.44789482445874E-18
-0.000630029591429552 -1.76629822717061 -8.44789482445874E-18
0.00518973002836359 -1.8058725925852 -8.44789482445874E-18
0.0110094896481567 -1.84544695799979 -8.44789482445874E-18
0.0168292492679499 -1.88502132341438 -8.44789482445874E-18
0.022632572029251 -1.92459810252699 -8.44789482445874E-18
0.0273610876206538 -1.96431763349479 -8.44789482445874E-18
0.0320896032120565 -2.00403716446259 -8.44789482445874E-18
0.0368181188034593 -2.04375669543039 -8.44789482445874E-18
0.0626415061867197 -2.07430424302515 -8.44789482445874E-18
0.101665896430622 -2.06552375522027 -8.44789482445874E-18
0.140690286674525 -2.05674326741539 -8.44789482445874E-18
0.179714676918428 -2.04796277961051 -8.44789482445874E-18
0.21873906716233 -2.03918229180563 -8.44789482445874E-18
0.257763457406233 -2.03040180400075 -8.44789482445874E-18
0.296787847650135 -2.02162131619587 -8.44789482445874E-18
0.335812237894038 -2.012840828391 -8.44789482445874E-18
0.321397888420003 -1.97552827649167 -8.44789482445874E-18
0.306252574591184 -1.93850639824343 -8.44789482445874E-18
0.291107260762366 -1.90148451999521 -8.44789482445874E-18
0.275961946933548 -1.86446264174698 -8.44789482445874E-18
0.264126262055639 -1.82625378723038 -8.44789482445874E-18
0.254424837054185 -1.78744808722457 -8.44789482445874E-18
0.24472341205273 -1.74864238721875 -8.44789482445874E-18
0.235021987051275 -1.70983668721294 -8.44789482445874E-18
0.225320562049819 -1.67103098720712 -8.44789482445874E-18
0.215619137048366 -1.63222528720131 -8.44789482445874E-18
0.205415022012297 -1.59354873052507 -8.44789482445874E-18
0.194751579830763 -1.55499628571491 -8.44789482445874E-18
0.184088137649227 -1.51644384090474 -8.44789482445874E-18
0.173424695467691 -1.47789139609457 -8.44789482445874E-18
0.163010224165439 -1.43927095089394 -8.44789482445874E-18
0.166158323582238 -1.3993950249478 -8.44789482445874E-18
0.169306422999037 -1.35951909900167 -8.44789482445874E-18
0.172454522415836 -1.31964317305553 -8.44789482445874E-18
0.174458430367439 -1.27969340017856 -8.44789482445874E-18
0.175309301627066 -1.23970245097627 -8.44789482445874E-18
0.176160172886692 -1.19971150177399 -8.44789482445874E-18
0.177011044146319 -1.15972055257171 -8.44789482445874E-18
0.179089293495836 -1.11977457806061 -8.44789482445874E-18
0.18763716864805 -1.08069857736476 -8.44789482445874E-18
0.196185043800263 -1.04162257666891 -8.44789482445874E-18
0.203952373316802 -1.002383965682 4.39352114221689E-19
0.206637622341041 -0.962474199487777 6.62675865913006E-17
0.209322871365281 -0.922564433293551 1.3209582106838E-16
0.19759117064781 -0.884323523285084 8.76582931286817E-17
0.181877593186336 -0.847539240182619 1.16271984289894E-17
0.221138920699118 -0.855190917249388 -8.44789482445874E-18
0.253604483904871 -0.878557286366845 -8.44789482445874E-18
0.260605817293572 -0.917939786678282 -8.44789482445874E-18
0.267607150682273 -0.957322286989718 -8.44789482445874E-18
0.274608484070974 -0.996704787301154 -8.44789482445874E-18
0.281034350715381 -1.03618526650124 -8.44789482445874E-18
0.278855770988987 -1.07612589481848 -8.44789482445874E-18
0.276677191262594 -1.11606652313571 -8.44789482445874E-18
0.2744986115362 -1.15600715145295 -8.44789482445874E-18
0.272320031809806 -1.19594777977019 -8.44789482445874E-18
0.270141452083412 -1.23588840808743 -8.44789482445874E-18
0.270090163722454 -1.27588837520622 -8.44789482445874E-18
0.270090163722454 -1.31588837520622 -8.44789482445874E-18
0.270090163722454 -1.35588837520622 -8.44789482445874E-18
0.275629631768583 -1.39550294694145 -8.44789482445874E-18
0.300018062202573 -1.42720790650564 -8.44789482445874E-18
0.324406492636563 -1.45891286606982 -8.44789482445874E-18
0.348794923070553 -1.49061782563401 -8.44789482445874E-18
0.373183353504543 -1.52232278519819 -8.44789482445874E-18
0.38922951046794 -1.55896321159726 -8.44789482445874E-18
0.401160510193372 -1.59714241071866 -8.44789482445874E-18
0.413091509918805 -1.63532160984007 -8.44789482445874E-18
0.436050045944266 -1.66807684794892 -8.44789482445874E-18
0.464894234355766 -1.69578989171683 -8.44789482445874E-18
0.493738422767261 -1.72350293548473 -8.44789482445874E-18
0.522582611178755 -1.75121597925264 -8.44789482445874E-18
0.551426799590255 -1.77892902302055 -8.44789482445874E-18
0.58027098800175 -1.80664206678846 -8.44789482445874E-18
0.609331232966297 -1.83412846638172 -8.44789482445874E-18
0.64028952493443 -1.85945797799202 -8.44789482445874E-18
0.671247816902561 -1.88478748960231 -8.44789482445874E-18
0.711213434020437 -1.88312934353287 -8.44789482445874E-18
0.744986610827757 -1.86169636594361 -8.44789482445874E-18
0.778759787635071 -1.84026338835435 -8.44789482445874E-18
0.81253296444239 -1.81883041076509 -8.44789482445874E-18
0.846306141249704 -1.79739743317583 -8.44789482445874E-18
0.879592748073249 -1.77521631944872 -8.44789482445874E-18
0.876270928879101 -1.73535448911892 -8.44789482445874E-18
0.841685719665146 -1.71525813861374 -8.44789482445874E-18
0.805693155377297 -1.69780719835297 -8.44789482445874E-18
0.769700591089447 -1.6803562580922 -8.44789482445874E-18
0.734701820091152 -1.6609891202394 -8.44789482445874E-18
0.700533877866575 -1.64019124236357 -8.44789482445874E-18
0.666365935641999 -1.61939336448774 -8.44789482445874E-18
0.632197993417422 -1.59859548661191 -8.44789482445874E-18
0.598030051192846 -1.57779760873608 -8.44789482445874E-18
0.575970383957063 -1.5444303930679 -8.44789482445874E-18
0.563528821540478 -1.50641450790611 -8.44789482445874E-18
0.551087259123891 -1.46839862274432 -8.44789482445874E-18
0.538645696707304 -1.43038273758253 -8.44789482445874E-18
0.526204134290716 -1.39236685242074 -8.44789482445874E-18
0.518042943615531 -1.35320826502586 -8.44789482445874E-18
0.519353714688362 -1.31322974730452 -8.44789482445874E-18
0.520664485761192 -1.27325122958319 -8.44789482445874E-18
0.521975256834021 -1.23327271186186 -8.44789482445874E-18
0.523286027906851 -1.19329419414054 -8.44789482445874E-18
0.524596798979681 -1.15331567641921 -8.44789482445874E-18
0.527114023278174 -1.11339496022034 -8.44789482445874E-18
0.530181883233565 -1.07351278080027 -8.44789482445874E-18
0.533249743188956 -1.03363060138021 -8.44789482445874E-18
0.536317603144347 -0.993748421960149 -8.44789482445874E-18
0.539385463099738 -0.953866242540084 -8.44789482445874E-18
0.542453323055129 -0.91398406312002 -8.44789482445874E-18
0.534643691772458 -0.874753849518401 -8.44789482445874E-18
0.521717937640796 -0.836899855275684 -8.44789482445874E-18
0.508792183509132 -0.799045861032963 -8.44789482445874E-18
0.49586642937747 -0.761191866790247 -8.44789482445874E-18
0.472585441415751 -0.728665022499321 -8.44789482445874E-18
0.445259156264723 -0.699454165958563 -8.44789482445874E-18
0.417932871113695 -0.670243309417806 -8.44789482445874E-18
0.390606585962667 -0.641032452877048 -8.44789482445874E-18
0.354389962953844 -0.624051398203183 -8.44789482445874E-18
0.316635628699205 -0.610837381214062 -8.44789482445874E-18
0.278881294444561 -0.597623364224938 -8.44789482445874E-18
0.241126960189918 -0.584409347235815 -8.44789482445874E-18
0.201155111380896 -0.582908913035714 -8.44789482445874E-18
0.161155111380895 -0.582908913035714 -8.44789482445874E-18
0.121155111380894 -0.582908913035714 -8.44789482445874E-18
0.0811551113808986 -0.582908913035714 -8.44789482445874E-18
0.0411755599679887 -0.581630058539425 -8.44789482445874E-18
0.00121331363378579 -0.579892569568373 -8.44789482445874E-18
-0.0387489327004172 -0.578155080597322 -8.44789482445874E-18
-0.0787111790346201 -0.57641759162627 -8.44789482445874E-18
-0.0427041481349964 -0.558996520310375 -8.44789482445874E-18
-0.0043041481349925 -0.547796520310374 -8.44789482445874E-18
0.0340958518650114 -0.536596520310373 -8.44789482445874E-18
0.0724958518650077 -0.525396520310374 -8.44789482445874E-18
0.110895851865004 -0.514196520310376 -8.44789482445874E-18
0.149295851865 -0.502996520310377 -8.44789482445874E-18
0.187905448380997 -0.492541901385112 -8.44789482445874E-18
0.226676869633026 -0.48270437658982 -8.44789482445874E-18
0.265448290885055 -0.472866851794528 -8.44789482445874E-18
0.304219712137084 -0.463029326999235 -8.44789482445874E-18
0.342991133389112 -0.453191802203943 -8.44789482445874E-18
0.381762554641141 -0.443354277408651 -8.44789482445874E-18
0.420852098879718 -0.434868552264601 -8.44789482445874E-18
0.460821376908981 -0.433301129596787 -8.44789482445874E-18
0.500790654938239 -0.431733706928974 -8.44789482445874E-18
0.540759932967503 -0.43016628426116 -8.44789482445874E-18
0.580729210996766 -0.428598861593347 -8.44789482445874E-18
0.620255974359174 -0.434733596965983 -8.44789482445874E-18
0.657448238882028 -0.44945553500628 -8.44789482445874E-18
0.694640503404877 -0.464177473046574 -8.44789482445874E-18
0.731832767927726 -0.478899411086869 -8.44789482445874E-18
0.769025032450576 -0.493621349127163 -8.44789482445874E-18
0.803134990341205 -0.514514189352936 -8.44789482445874E-18
0.835684329189474 -0.537763717101699 -8.44789482445874E-18
0.868233668037743 -0.561013244850462 -8.44789482445874E-18
0.900783006886012 -0.584262772599225 -8.44789482445874E-18
0.933411850460154 -0.607400589415308 -8.44789482445874E-18
0.966068476040427 -0.63049917824038 -8.44789482445874E-18
0.998725101620701 -0.653597767065452 -8.44789482445874E-18
1.03138172720098 -0.676696355890525 -8.44789482445874E-18
1.06463794817215 -0.698923001312545 -8.44789482445874E-18
1.10205683191882 -0.713059024061285 -8.44789482445874E-18
1.13947571566549 -0.727195046810026 -8.44789482445874E-18
1.17689459941217 -0.741331069558766 -8.44789482445874E-18
1.21431348315884 -0.755467092307507 -8.44789482445874E-18
1.2540273325742 -0.760243091115511 -8.44789482445874E-18
1.2940273325742 -0.760243091115511 -8.44789482445874E-18
1.3340273325742 -0.760243091115511 -8.44789482445874E-18
1.37373906701306 -0.75544953837699 -8.44789482445874E-18
1.41275159897201 -0.746616512273077 -8.44789482445874E-18
1.45176413093095 -0.737783486169165 -8.44789482445874E-18
1.4907766628899 -0.728950460065254 -8.44789482445874E-18
1.52978919484884 -0.720117433961342 -8.44789482445874E-18
1.56402625016268 -0.699433526123666 -8.44789482445874E-18
1.59157622863927 -0.670433548779889 -8.44789482445874E-18
1.61904188558782 -0.641353698567347 -8.44789482445874E-18
1.64219176582547 -0.608733412777935 -8.44789482445874E-18
1.66534164606311 -0.576113126988526 -8.44789482445874E-18
1.68849152630076 -0.543492841199118 -8.44789482445874E-18
1.69050116923018 -0.503543356405238 -8.44789482445874E-18
1.67595946980407 -0.46628025162584 -8.44789482445874E-18
1.66141777037796 -0.429017146846438 -8.44789482445874E-18
1.64687607095185 -0.39175404206704 -8.44789482445874E-18
1.62022996373293 -0.361921426189817 -8.44789482445874E-18
1.58726828676495 -0.339260273274335 -8.44789482445874E-18
1.55430660979698 -0.316599120358852 -8.44789482445874E-18
1.52169452094884 -0.293437694216202 -8.44789482445874E-18
1.50042379564742 -0.259562094662078 -8.44789482445874E-18
1.47915307034599 -0.225686495107954 -8.44789482445874E-18
1.45788234504457 -0.191810895553831 -8.44789482445874E-18
1.43661161974314 -0.157935295999707 -8.44789482445874E-18
1.41645746413051 -0.123383740151356 4.26696559100987E-18
1.39843820245808 -0.08767231048549 4.06059964259697E-17
1.38041894078564 -0.0519608808196202 7.6945027260934E-17
1.3623996791132 -0.0162494511537503 1.13284058095898E-16
1.34472999244168 0.0196362308507745 1.45111309073112E-16
1.33271787839057 0.0577899871012836 1.06343030783291E-16
1.32070576433947 0.0959437433517927 6.75747524934702E-17
1.30869365028836 0.134097499602302 2.88064742036495E-17
1.33899842110521 0.107989629797629 -8.44789482445874E-18
1.36118642895422 0.074707618024113 -8.44789482445874E-18
1.38337443680323 0.0414256062505967 -8.44789482445874E-18
1.40556244465224 0.00814359447708539 -8.44789482445874E-18
1.43045738520534 -0.0231652211322312 -8.44789482445874E-18
1.45736429696519 -0.0527628240680707 -8.44789482445874E-18
1.48427120872504 -0.0823604270039101 -8.44789482445874E-18
1.51117812048489 -0.11195802993975 -8.44789482445874E-18
1.53808503224474 -0.141555632875589 -8.44789482445874E-18
1.56536598523012 -0.170808831063297 -8.44789482445874E-18
1.59723363606622 -0.194984290318268 -8.44789482445874E-18
1.62910128690232 -0.219159749573236 -8.44789482445874E-18
1.66096893773842 -0.243335208828204 -8.44789482445874E-18
1.6940515713115 -0.26581941119051 -8.44789482445874E-18
1.72761002279261 -0.287587055394473 -8.44789482445874E-18
1.76116847427371 -0.309354699598435 -8.44789482445874E-18
1.79472692575482 -0.331122343802398 -8.44789482445874E-18
1.82010843262073 -0.362038021204255 -8.44789482445874E-18
1.839953990155 -0.396767746889232 -8.44789482445874E-18
1.85979954768927 -0.431497472574209 -8.44789482445874E-18
1.87964510522354 -0.466227198259187 -8.44789482445874E-18
1.89949066275781 -0.500956923944164 -8.44789482445874E-18
1.91749840092593 -0.536674165803918 -8.44789482445874E-18
1.93318984473987 -0.573467896126272 -8.44789482445874E-18
1.94888128855382 -0.610261626448626 -8.44789482445874E-18
1.96457273236777 -0.64705535677098 -8.44789482445874E-18
1.98026417618171 -0.683849087093327 -8.44789482445874E-18
1.99595561999565 -0.720642817415674 -8.44789482445874E-18
2.0116470638096 -0.757436547738028 -8.44789482445874E-18
2.03910290024144 -0.786525670203786 -8.44789482445874E-18
2.07178161477203 -0.809592998107734 -8.44789482445874E-18
2.10446032930261 -0.832660326011683 -8.44789482445874E-18
2.13713904383321 -0.855727653915634 -8.44789482445874E-18
2.1768501825551 -0.85092916859106 -8.44789482445874E-18
2.21547481289593 -0.840530229653141 -8.44789482445874E-18
2.22277310621004 -0.801201678768302 -8.44789482445874E-18
2.20488456239005 -0.765424591128308 -8.44789482445874E-18
2.18699601857005 -0.729647503488314 -8.44789482445874E-18
2.16910747475005 -0.69387041584832 -8.44789482445874E-18
2.15089135971411 -0.658258996991481 -8.44789482445874E-18
2.13110342429192 -0.623496407736268 -8.44789482445874E-18
2.11131548886972 -0.588733818481055 -8.44789482445874E-18
2.09152755344752 -0.553971229225842 -8.44789482445874E-18
2.07173961802533 -0.519208639970629 -8.44789482445874E-18
2.05195168260312 -0.484446050715409 -8.44789482445874E-18
2.03216374718092 -0.44968346146019 -8.44789482445874E-18
2.01859870048115 -0.412053825426428 -8.44789482445874E-18
2.022014746135 -0.37219995946476 -8.44789482445874E-18
2.02543079178886 -0.332346093503092 -8.44789482445874E-18
2.02884683744271 -0.292492227541425 -8.44789482445874E-18
2.03226288309657 -0.252638361579757 -8.44789482445874E-18
2.03567892875043 -0.212784495618089 -8.44789482445874E-18
2.03909497440428 -0.172930629656421 -8.44789482445874E-18
2.04093976060259 -0.132973192753101 -8.44789482445874E-18
2.04242022702298 -0.0930005994024343 -8.44789482445874E-18
2.04390069344338 -0.0530280060517621 -8.44789482445874E-18
2.04538115986378 -0.0130554127010898 -8.44789482445874E-18
2.04686162628418 0.0269171806495824 -8.44789482445874E-18
2.03910356245074 0.0661576246526289 -8.44789482445874E-18
2.02940213744929 0.104963324658444 -8.44789482445874E-18
2.01970071244783 0.143769024664253 -8.44789482445874E-18
2.00999928744638 0.182574724670069 -8.44789482445874E-18
2.00029786244492 0.221380424675884 -8.44789482445874E-18
1.98467289862824 0.258202435833986 -8.44789482445874E-18
1.96354082315655 0.29216469998493 -8.44789482445874E-18
1.94240874768485 0.326126964135875 -8.44789482445874E-18
1.92127667221315 0.360089228286815 -8.44789482445874E-18
1.90014459674146 0.394051492437755 -8.44789482445874E-18
1.87358418130491 0.423960426418052 -8.44789482445874E-18
1.84402594754838 0.450910580725479 -8.44789482445874E-18
1.81446771379185 0.477860735032906 -8.44789482445874E-18
1.78490948003532 0.504810889340333 -8.44789482445874E-18
1.75392747630549 0.530111392198674 -8.44789482445874E-18
1.72076459115246 0.552477058929784 -8.44789482445874E-18
1.68760170599943 0.574842725660896 -8.44789482445874E-18
1.6544388208464 0.597208392392004 -8.44789482445874E-18
1.62127593569338 0.619574059123112 -8.44789482445874E-18
1.58505011126465 0.636535475469009 -8.44789482445874E-18
1.54719611702193 0.649461229600671 -8.44789482445874E-18
1.50934212277921 0.662386983732335 -8.44789482445874E-18
1.47148812853649 0.675312737863999 -8.44789482445874E-18
1.43178345700881 0.680164444664641 -8.44789482445874E-18
1.39178983303498 0.679450272807966 -8.44789482445874E-18
1.35179620906117 0.67873610095129 -8.44789482445874E-18
1.31180258508735 0.678021929094616 -8.44789482445874E-18
1.27180896111354 0.677307757237941 -8.44789482445874E-18
1.23254852933088 0.669651485544775 -8.44789482445874E-18
1.19590223593479 0.653618732183985 -8.44789482445874E-18
1.15925594253871 0.637585978823198 -8.44789482445874E-18
1.12260964914263 0.621553225462411 -8.44789482445874E-18
1.08596335574654 0.605520472101621 -8.44789482445874E-18
1.05422733308857 0.58117247699211 -8.44789482445874E-18
1.02641047598792 0.552428391321446 -8.44789482445874E-18
0.998593618887284 0.523684305650785 -8.44789482445874E-18
0.970776761786644 0.494940219980124 -8.44789482445874E-18
0.959265078972623 0.456632503279837 -8.44789482445874E-18
0.956869387343506 0.416704309461204 -8.44789482445874E-18
0.954473695714389 0.376776115642572 -8.44789482445874E-18
0.952078004085273 0.336847921823944 -8.44789482445874E-18
0.949717526788157 0.296917630728964 -8.44789482445874E-18
0.947768624639622 0.256965136683969 -8.44789482445874E-18
0.945819722491086 0.217012642638973 -8.44789482445874E-18
0.943870820342551 0.177060148593977 -8.44789482445874E-18
0.94592672177139 0.137113017666775 -8.44789482445874E-18
0.957420637194044 0.0987999662579289 -8.44789482445874E-18
0.968914552616699 0.0604869148490829 -8.44789482445874E-18
0.980408468039353 0.0221738634402369 -8.44789482445874E-18
0.998075819980603 -0.0137129680635865 -8.44789482445874E-18
1.02257868659804 -0.0453295701506008 -8.44789482445874E-18
1.04708155321547 -0.0769461722376108 -8.44789482445874E-18
1.0715844198329 -0.108562774324621 -8.44789482445874E-18
1.09608728645034 -0.140179376411631 -8.44789482445874E-18
1.12222753125482 -0.170456225679047 -8.44789482445874E-18
1.14880208480802 -0.200352598426394 -8.44789482445874E-18
1.17537663836121 -0.230248971173739 -8.44789482445874E-18
1.19640785695818 -0.264273783360237 1.68831136814957E-17
1.21009809955875 -0.301858052111108 7.10971089489644E-17
1.22378834215931 -0.339442320861978 1.25311104216433E-16
1.22937995852549 -0.354793167329047 1.47454164208734E-16
