0.843795 0.346088 0
0.867259 0.313797 0
0.890663 0.281242 0
0.9141 0.248575 0
0.937396 0.215394 0
0.960683 0.181656 0
0.983449 0.147346 0
1.00603 0.112386 0
1.02836 0.0771889 0
1.0497 0.0414086 0
1.07046 0.00491829 0
1.09078 -0.0321848 0
1.1104 -0.069361 0
1.12899 -0.107231 0
1.141 -0.147385 0
1.14909 -0.188439 0
1.15665 -0.229489 0
1.1633 -0.270864 0
1.16937 -0.312606 0
1.17478 -0.354172 0
1.17871 -0.395735 0
1.18217 -0.437288 0
1.18503 -0.478491 0
1.18702 -0.519561 0
1.18859 -0.560579 0
1.18956 -0.601108 0
1.1894 -0.641229 0
1.18926 -0.68111 0
1.18839 -0.720552 0
1.18767 -0.759736 0
1.18676 -0.798411 0
1.18584 -0.836761 0
1.18468 -0.874657 0
1.18344 -0.912308 0
1.18231 -0.949606 0
1.18102 -0.986475 0
1.18016 -1.02273 0
1.17931 -1.05866 0
1.17908 -1.09426 0
1.17909 -1.12953 0
1.17906 -1.16447 0
1.18142 -1.1992 0
1.18538 -1.23345 0
1.18926 -1.26771 0
1.19413 -1.30153 0
1.1994 -1.3351 0
1.20495 -1.36878 0
1.21199 -1.4019 0
1.21915 -1.43549 0
1.22748 -1.4693 0
1.23844 -1.50142 0
1.25185 -1.53437 0
1.27113 -1.56964 0
1.29439 -1.52334 0
1.31762 -1.47841 0
1.34195 -1.43623 0
1.36591 -1.39493 0
1.39035 -1.35504 0
1.41482 -1.31578 0
1.43924 -1.27748 0
1.46424 -1.23935 0
1.48916 -1.20184 0
1.51682 -1.16676 0
1.54515 -1.13251 0
1.57346 -1.09877 0
1.60234 -1.06518 0
1.6313 -1.03204 0
1.66021 -0.999481 0
1.68964 -0.967076 0
1.71908 -0.935116 0
1.74838 -0.903805 0
1.77791 -0.872783 0
1.80743 -0.84228 0
1.83678 -0.812192 0
1.86599 -0.782443 0
1.89737 -0.755562 0
1.93229 -0.733811 0
1.96737 -0.712011 0
2.00253 -0.690406 0
2.03775 -0.669001 0
2.073 -0.647793 0
2.10827 -0.626815 0
2.14344 -0.606162 0
2.17863 -0.585654 0
2.21374 -0.565442 0
2.24872 -0.54538 0
2.28386 -0.526012 0
2.32229 -0.514751 0
2.36084 -0.50361 0
2.39937 -0.492629 0
2.43787 -0.481698 0
2.47636 -0.47088 0
2.51477 -0.460253 0
2.55306 -0.449705 0
2.59124 -0.439286 0
2.62933 -0.428896 0
2.66725 -0.418644 0
2.70504 -0.408392 0
2.74263 -0.398161 0
2.78002 -0.387871 0
2.81732 -0.377646 0
2.85426 -0.367268 0
2.89112 -0.35694 0
2.92767 -0.346362 0
2.9639 -0.335666 0
2.99996 -0.324983 0
3.03378 -0.309564 0
3.06762 -0.293782 0
3.10091 -0.277351 0
3.13409 -0.26071 0
3.16733 -0.243876 0
3.20002 -0.226651 0
3.23235 -0.209089 0
3.26475 -0.191028 0
3.29637 -0.172166 0
3.32789 -0.153031 0
3.35954 -0.133592 0
3.39051 -0.113729 0
3.42109 -0.0934647 0
3.45176 -0.072519 0
3.48147 -0.0507596 0
3.51109 -0.0286439 0
3.54084 -0.00601781 0
3.56989 0.0170576 0
3.59864 0.0405971 0
3.62751 0.0649551 0
3.65556 0.0899041 0
3.6837 0.115193 0
3.71201 0.140994 0
3.73983 0.167149 0
3.76763 0.193581 0
3.79505 0.22056 0
3.82236 0.24785 0
3.8495 0.275666 0
3.88853 0.273587 0
3.89896 0.235584 0
3.90856 0.196753 0
3.91749 0.157541 0
3.92602 0.11804 0
3.93421 0.0782035 0
3.94197 0.0381803 0
3.94968 -0.00181628 0
3.94833 -0.00489429 0
3.93107 -0.0424691 0
3.91272 -0.0802563 0
3.89408 -0.117866 0
3.87441 -0.155719 0
3.85394 -0.193636 0
3.83309 -0.231244 0
3.81144 -0.268514 0
3.78894 -0.305788 0
3.76587 -0.342942 0
3.74202 -0.379523 0
3.7176 -0.415797 0
3.69293 -0.451343 0
3.66608 -0.485172 0
3.63848 -0.518744 0
3.61046 -0.551958 0
3.58235 -0.584574 0
3.55348 -0.616711 0
3.52437 -0.648438 0
3.49523 -0.679596 0
3.4656 -0.710359 0
3.43574 -0.740719 0
3.4059 -0.770446 0
3.3756 -0.799692 0
3.34549 -0.828769 0
3.31577 -0.857711 0
3.28558 -0.886298 0
3.25546 -0.914558 0
3.2255 -0.942321 0
3.19543 -0.969764 0
3.1654 -0.996955 0
3.13551 -1.02374 0
3.10569 -1.05037 0
3.07595 -1.07677 0
3.04632 -1.10301 0
3.01679 -1.12901 0
2.98738 -1.15488 0
2.95809 -1.18049 0
2.92906 -1.20595 0
2.90022 -1.23129 0
2.8717 -1.25652 0
2.84459 -1.28299 0
2.81766 -1.30966 0
2.79094 -1.3362 0
2.76446 -1.36277 0
2.73825 -1.38923 0
2.71215 -1.41553 0
2.68646 -1.44211 0
2.66091 -1.46858 0
2.63571 -1.49512 0
2.61081 -1.5216 0
2.58598 -1.54804 0
2.56176 -1.57488 0
2.53649 -1.60044 0
2.51124 -1.62579 0
2.48684 -1.6516 0
2.46282 -1.67742 0
2.43884 -1.70334 0
2.41543 -1.72948 0
2.39251 -1.75563 0
2.36969 -1.78197 0
2.34754 -1.80853 0
2.32597 -1.83566 0
2.30365 -1.86188 0
2.28228 -1.88864 0
2.26137 -1.91549 0
2.24054 -1.94275 0
2.22066 -1.97055 0
2.20112 -1.99845 0
2.18167 -2.02672 0
2.1641 -2.05625 0
2.14586 -2.08581 0
2.14177 -2.12141 0
2.14034 -2.15853 0
2.13818 -2.19655 0
2.13586 -2.23515 0
2.13303 -2.27427 0
2.12991 -2.31357 0
2.12639 -2.35309 0
2.12257 -2.39286 0
2.11833 -2.43267 0
2.11374 -2.4722 0
2.0956 -2.50719 0
2.07352 -2.53958 0
2.05147 -2.57188 0
2.02962 -2.6044 0
2.00764 -2.63707 0
1.98543 -2.6696 0
1.96309 -2.70179 0
1.93203 -2.72506 0
1.89997 -2.74626 0
1.86812 -2.76717 0
1.83698 -2.78929 0
1.80564 -2.81141 0
1.77416 -2.8337 0
1.74266 -2.8564 0
1.71087 -2.87898 0
1.67904 -2.90181 0
1.64062 -2.90825 0
1.60184 -2.91155 0
1.56304 -2.91498 0
1.52421 -2.91826 0
1.48546 -2.92134 0
1.4473 -2.9143 0
1.41012 -2.90346 0
1.37303 -2.8925 0
1.33596 -2.8818 0
1.299 -2.87106 0
1.26192 -2.86067 0
1.22484 -2.85026 0
1.18769 -2.83983 0
1.15284 -2.82328 0
1.1227 -2.79926 0
1.09265 -2.77527 0
1.06254 -2.75159 0
1.03262 -2.7278 0
1.0023 -2.70467 0
0.972013 -2.68141 0
0.941808 -2.65807 0
0.911286 -2.63513 0
0.880659 -2.6121 0
0.851478 -2.58705 0
0.834227 -2.55246 0
0.817266 -2.51789 0
0.800197 -2.48361 0
0.783387 -2.44936 0
0.765911 -2.41557 0
0.748572 -2.38168 0
0.730916 -2.34792 0
0.713252 -2.3141 0
0.697341 -2.27929 0
0.695427 -2.24088 0
0.69342 -2.20267 0
0.69148 -2.16463 0
0.689711 -2.1268 0
0.687548 -2.0893 0
0.685641 -2.052 0
0.683114 -2.01481 0
0.680105 -1.97787 0
0.67715 -1.94114 0
0.673474 -1.90444 0
0.669687 -1.86784 0
0.667041 -1.83104 0
0.66601 -1.79407 0
0.6649 -1.75714 0
0.663645 -1.72009 0
0.661832 -1.68297 0
0.659948 -1.64558 0
0.657412 -1.6079 0
0.655028 -1.56993 0
0.652618 -1.53167 0
0.65021 -1.49302 0
0.64815 -1.45396 0
0.646262 -1.41473 0
0.644552 -1.37505 0
0.642935 -1.33545 0
0.641869 -1.29578 0
0.64113 -1.25603 0
0.641112 -1.21624 0
0.641495 -1.17648 0
0.642282 -1.13707 0
0.643972 -1.09775 0
0.645912 -1.05873 0
0.648182 -1.0202 0
0.650972 -0.98189 0
0.653911 -0.944088 0
0.657197 -0.90706 0
0.659778 -0.870671 0
0.6572 -0.834895 0
0.654049 -0.799121 0
0.650709 -0.763915 0
0.64732 -0.729067 0
0.643644 -0.694523 0
0.639666 -0.660656 0
0.635546 -0.627134 0
0.630285 -0.593751 0
0.624609 -0.560768 0
0.618744 -0.527909 0
0.612203 -0.495409 0
0.605187 -0.463447 0
0.59766 -0.431446 0
0.589371 -0.399419 0
0.583545 -0.367077 0
0.579737 -0.334809 0
0.575362 -0.303225 0
0.570683 -0.272875 0
0.566333 -0.243536 0
0.558509 -0.215121 0
0.552576 -0.187617 0
0.523049 -0.180979 0
0.487956 -0.173497 0
0.450086 -0.163729 0
0.409771 -0.153245 0
0.36506 -0.154482 0
0.322596 -0.177385 0
0.280635 -0.1988 0
0.238248 -0.218131 0
0.19534 -0.236784 0
0.152418 -0.25451 0
0.109097 -0.271235 0
0.0654222 -0.288011 0
0.0218492 -0.303477 0
-0.0219927 -0.31845 0
-0.0656598 -0.332744 0
-0.109638 -0.346067 0
-0.153876 -0.359048 0
-0.197981 -0.370969 0
-0.242523 -0.382483 0
-0.287088 -0.39355 0
-0.330647 -0.407051 0
-0.373585 -0.421325 0
-0.416022 -0.435061 0
-0.458511 -0.448071 0
-0.500867 -0.460786 0
-0.542803 -0.472796 0
-0.584402 -0.484542 0
-0.62551 -0.495819 0
-0.66684 -0.50418 0
-0.708774 -0.506487 0
-0.750945 -0.508817 0
-0.793087 -0.510921 0
-0.835409 -0.512833 0
-0.877503 -0.514418 0
-0.919521 -0.515833 0
-0.961317 -0.516896 0
-1.00302 -0.515326 0
-1.04464 -0.513625 0
-1.0862 -0.511794 0
-1.12754 -0.509793 0
-1.16894 -0.507735 0
-1.21002 -0.505464 0
-1.2511 -0.503073 0
-1.292 -0.500557 0
-1.33267 -0.497927 0
-1.37272 -0.492353 0
-1.41231 -0.485182 0
-1.45202 -0.478119 0
-1.49161 -0.471003 0
-1.53101 -0.463794 0
-1.57043 -0.456621 0
-1.60967 -0.449489 0
-1.64877 -0.442348 0
-1.68786 -0.435144 0
-1.72674 -0.427801 0
-1.7639 -0.415604 0
-1.80107 -0.403559 0
-1.83816 -0.391685 0
-1.87508 -0.379912 0
-1.91189 -0.36817 0
-1.9488 -0.356603 0
-1.98557 -0.345027 0
-2.02226 -0.333509 0
-2.05753 -0.319135 0
-2.09243 -0.304551 0
-2.1272 -0.290393 0
-2.16178 -0.276301 0
-2.19656 -0.262609 0
-2.23105 -0.248891 0
-2.26545 -0.2356 0
-2.29954 -0.22267 0
-2.33337 -0.209867 0
-2.36798 -0.200174 0
-2.40389 -0.194132 0
-2.44005 -0.188514 0
-2.47619 -0.183288 0
-2.51245 -0.178079 0
-2.54878 -0.173109 0
-2.58539 -0.168299 0
-2.62101 -0.159252 0
-2.65442 -0.145058 0
-2.68747 -0.13103 0
-2.72015 -0.117503 0
-2.75273 -0.104438 0
-2.78514 -0.0918705 0
-2.81773 -0.0795573 0
-2.85034 -0.0677054 0
-2.88297 -0.0561961 0
-2.91517 -0.0431714 0
-2.94715 -0.0301051 0
-2.97906 -0.0171786 0
-3.01107 -0.00485235 0
-3.04304 0.00723597 0
-3.07528 0.0191313 0
-3.10752 0.0302965 0
-3.14026 0.041165 0
-3.17342 0.0516351 0
-3.20679 0.0613144 0
-3.23819 0.0770218 0
-3.26782 0.0959866 0
-3.29785 0.113647 0
-3.32833 0.130516 0
-3.35933 0.145278 0
-3.39024 0.158593 0
-3.42217 0.170757 0
-3.455 0.179875 0
-3.48767 0.187681 0
-3.52263 0.192316 0
-3.5583 0.1983 0
-3.59444 0.207718 0
-3.63115 0.214049 0
-3.66837 0.217914 0
-3.70606 0.218944 0
-3.7441 0.216715 0
-3.78246 0.211101 0
-3.82166 0.205176 0
-3.78823 0.227012 0
-3.75251 0.246867 0
-3.71454 0.263758 0
-3.6748 0.277379 0
-3.63416 0.289227 0
-3.59747 0.309921 0
-3.55886 0.328584 0
-3.5183 0.346105 0
-3.47629 0.360459 0
-3.43232 0.373108 0
-3.3881 0.383675 0
-3.34336 0.390798 0
-3.29738 0.396699 0
-3.25098 0.401459 0
-3.20422 0.40333 0
-3.15291 0.411108 0
-3.18036 0.419894 0
-3.20821 0.426781 0
-3.23844 0.431503 0
-3.26996 0.431321 0
-3.30311 0.430643 0
-3.33723 0.427565 0
-3.37132 0.42217 0
-3.40583 0.416203 0
-3.44118 0.409258 0
-3.47615 0.400168 0
-3.51107 0.39035 0
-3.54661 0.379347 0
-3.582 0.367165 0
-3.61749 0.354355 0
-3.65375 0.342032 0
-3.68985 0.356508 0
-3.72595 0.370223 0
-3.762 0.383112 0
-3.79866 0.39522 0
-3.83605 0.40604 0
-3.87371 0.415908 0
-3.91182 0.424504 0
-3.94968 0.436558 0
-3.91256 0.450643 0
-3.8745 0.463843 0
-3.83583 0.475759 0
-3.79686 0.486641 0
-3.75725 0.4965 0
-3.71685 0.505725 0
-3.67924 0.522305 0
-3.64132 0.53883 0
-3.60261 0.554398 0
-3.56296 0.569242 0
-3.52303 0.583236 0
-3.48236 0.595589 0
-3.44149 0.607303 0
-3.3993 0.617086 0
-3.35549 0.625252 0
-3.31142 0.631835 0
-3.26533 0.6348 0
-3.2195 0.635736 0
-3.17295 0.633602 0
-3.1241 0.62861 0
-3.07369 0.623709 0
-3.10324 0.6335 0
-3.13343 0.641867 0
-3.16558 0.648566 0
-3.19873 0.652264 0
-3.23223 0.655494 0
-3.26706 0.656237 0
-3.30199 0.655913 0
-3.33804 0.654311 0
-3.37417 0.65096 0
-3.41056 0.646885 0
-3.44775 0.641802 0
-3.4852 0.635519 0
-3.5224 0.643623 0
-3.55949 0.652711 0
-3.59731 0.661237 0
-3.63546 0.669223 0
-3.65984 0.700624 0
-3.62577 0.72144 0
-3.59117 0.741944 0
-3.55564 0.761991 0
-3.51946 0.781594 0
-3.48242 0.800117 0
-3.44509 0.818134 0
-3.40631 0.834222 0
-3.36516 0.846043 0
-3.32334 0.855958 0
-3.28015 0.864429 0
-3.2368 0.871402 0
-3.19294 0.875797 0
-3.14807 0.878579 0
-3.10359 0.878302 0
-3.05855 0.876526 0
-3.01389 0.873394 0
-2.96874 0.870865 0
-2.92465 0.872094 0
-2.88071 0.872303 0
-2.8368 0.87216 0
-2.7931 0.871702 0
-2.74918 0.870561 0
-2.70541 0.868732 0
-2.66137 0.866458 0
-2.61731 0.863882 0
-2.57317 0.860315 0
-2.52851 0.856543 0
-2.48382 0.862868 0
-2.44114 0.873042 0
-2.399 0.882904 0
-2.35756 0.892179 0
-2.31614 0.900766 0
-2.275 0.908993 0
-2.23424 0.916455 0
-2.19359 0.922947 0
-2.15666 0.935722 0
-2.13599 0.966727 0
-2.11585 0.997591 0
-2.09624 1.02888 0
-2.07764 1.0608 0
-2.05835 1.09246 0
-2.03872 1.12333 0
-2.02908 1.15749 0
-2.02775 1.19324 0
-2.02777 1.22903 0
-2.02744 1.26491 0
-2.02795 1.30062 0
-2.03032 1.33585 0
-2.03661 1.37065 0
-2.04321 1.40526 0
-2.05023 1.44002 0
-2.05894 1.47431 0
-2.06795 1.50837 0
-2.07745 1.54258 0
-2.08863 1.57598 0
-2.10258 1.60871 0
-2.12288 1.63762 0
-2.14384 1.66697 0
-2.16634 1.69526 0
-2.18925 1.7231 0
-2.21295 1.75088 0
-2.24031 1.7754 0
-2.27348 1.79192 0
-2.30698 1.80798 0
-2.34131 1.82371 0
-2.37631 1.83913 0
-2.39184 1.87394 0
-2.39747 1.91156 0
-2.40161 1.94929 0
-2.38766 1.98464 0
-2.37506 2.01947 0
-2.36362 2.05337 0
-2.3554 2.08775 0
-2.34957 2.12125 0
-2.34574 2.15582 0
-2.34581 2.19012 0
-2.3469 2.22467 0
-2.35186 2.25874 0
-2.35743 2.29324 0
-2.36606 2.32738 0
-2.37504 2.36082 0
-2.38648 2.39285 0
-2.39891 2.42345 0
-2.4127 2.45392 0
-2.42977 2.48277 0
-2.44716 2.51075 0
-2.46506 2.53893 0
-2.48585 2.56507 0
-2.50729 2.59023 0
-2.53013 2.61524 0
-2.55517 2.63808 0
-2.58176 2.6614 0
-2.60817 2.68566 0
-2.63071 2.71425 0
-2.65439 2.74298 0
-2.67932 2.7692 0
-2.70325 2.79929 0
-2.66424 2.79025 0
-2.62735 2.80795 0
-2.6099 2.84285 0
-2.60891 2.88132 0
-2.57252 2.86459 0
-2.53211 2.85538 0
-2.50495 2.88311 0
-2.5 2.92134 0
-2.47604 2.88987 0
-2.44666 2.86123 0
-2.41772 2.83093 0
-2.38981 2.79896 0
-2.36185 2.76543 0
-2.33583 2.73004 0
-2.31077 2.69272 0
-2.28746 2.65476 0
-2.26741 2.61488 0
-2.24889 2.57343 0
-2.23265 2.53198 0
-2.21996 2.48936 0
-2.20917 2.44558 0
-2.20086 2.40247 0
-2.1976 2.35914 0
-2.19764 2.31609 0
-2.20095 2.27338 0
-2.20584 2.23006 0
-2.21262 2.18728 0
-2.22399 2.14444 0
-2.23661 2.10286 0
-2.24118 2.05822 0
-2.23149 2.01627 0
-2.22223 1.97533 0
-2.20452 1.9382 0
-2.16934 1.91728 0
-2.1346 1.89524 0
-2.09992 1.87272 0
-2.06595 1.84901 0
-2.0319 1.82431 0
-1.99913 1.79841 0
-1.9665 1.77124 0
-1.93466 1.74345 0
-1.90418 1.71445 0
-1.87387 1.68459 0
-1.84419 1.65433 0
-1.81541 1.6222 0
-1.78701 1.58974 0
-1.75465 1.56067 0
-1.72192 1.53285 0
-1.68933 1.50456 0
-1.65723 1.47604 0
-1.62659 1.44627 0
-1.59603 1.41603 0
-1.56344 1.38817 0
-1.52244 1.37846 0
-1.48205 1.36926 0
-1.44228 1.36016 0
-1.40303 1.35127 0
-1.36413 1.34241 0
-1.32524 1.33429 0
-1.28593 1.32916 0
-1.24679 1.32431 0
-1.20785 1.31979 0
-1.16884 1.31529 0
-1.12991 1.31095 0
-1.09082 1.30656 0
-1.05223 1.29867 0
-1.01619 1.28418 0
-0.980202 1.26993 0
-0.944268 1.25576 0
-0.908596 1.2416 0
-0.873065 1.22769 0
-0.837611 1.21386 0
-0.80237 1.2003 0
-0.767105 1.18683 0
-0.732063 1.17355 0
-0.697095 1.16041 0
-0.662062 1.14734 0
-0.628719 1.13137 0
-0.597029 1.11361 0
-0.565855 1.09606 0
-0.534706 1.07907 0
-0.503914 1.06229 0
-0.47319 1.04604 0
-0.442847 1.03008 0
-0.412311 1.0147 0
-0.381982 0.999615 0
-0.351604 0.984651 0
-0.321017 0.970025 0
-0.290477 0.955443 0
-0.259782 0.94072 0
-0.229536 0.924953 0
-0.202522 0.904607 0
-0.176032 0.884609 0
-0.149965 0.864923 0
-0.123454 0.84541 0
-0.0972611 0.826396 0
-0.071244 0.807585 0
-0.0449877 0.789856 0
-0.0188885 0.772137 0
0.0082273 0.755308 0
0.0351289 0.738418 0
0.0624137 0.722304 0
0.089573 0.706632 0
0.116906 0.691053 0
0.145211 0.676524 0
0.173544 0.662087 0
0.202071 0.647794 0
0.231309 0.634802 0
0.260755 0.62216 0
0.291038 0.60992 0
0.321902 0.598199 0
0.35301 0.586769 0
0.385243 0.57599 0
0.418046 0.565243 0
0.450339 0.551095 0
0.481842 0.534545 0
0.51369 0.518286 0
0.545687 0.502353 0
0.578293 0.486743 0
0.611547 0.471426 0
0.645151 0.456029 0
0.679296 0.440759 0
0.713967 0.42539 0
0.74897 0.409831 0
0.784402 0.394313 0
0.819941 0.377876 0
0.843795 0.346088 0
