0.00588397
0.0117039
0.0124599
0.00737148
0.0151042
0.0192819
0.00578382
0.0163385
0.00602884
0.00762831
0.0152804
0.00721814
0.0171214
0.0123944
0.00537961
0.00826793
0.0120702
0.0057387
0.0206418
0.0145308
0.00971891
0.00420273
0.00273721
0.00816655
0.00310978
0.00832275
0.01147
0.013784
0.0180216
0.0110942
0.00753597
0.00651149
0.0113659
0.00884667
0.014473
0.00681829
0.00473676
0.0175788
0.00451533
0.00500063
0.00481969
0.00458853
0.0105889
0.0148887
0.00733925
0.0323232
0.0081357
0.00696743
0.00696727
0.014657
0.0170087
0.00511512
0.00466849
0.00524264
0.0186063
0.0106887
0.00465677
0.0050058
0.00757305
0.0171154
0.0050301
0.0106645
0.00453355
0.00714072
0.00621623
0.00847025
0.00471288
0.0135354
0.00532814
0.00447253
0.00463888
0.0142708
0.0110216
0.00536427
0.00712888
0.00479788
0.0082334
0.0045787
0.0160348
0.00875523
0.012671
0.004722
0.00657978
0.00423095
0.0116306
0.00795945
0.00496627
0.00881821
0.00547179
0.0117556
0.00995249
0.0200225
0.00430538
0.00378728
0.00482716
0.00493827
0.0372507
0.0104372
0.00586043
0.0213437
0.0117743
0.00813358
0.00499148
0.0108624
0.00472309
0.00492123
0.00494942
0.00984211
0.017889
0.00832988
0.00988883
0.0165923
0.00447354
0.00468433
0.0126477
0.0126034
0.0062336
0.00990832
0.0175409
0.0100774
0.0120053
0.0341001
0.00460936
0.00950168
0.0221478
0.00536477
0.0051841
0.0051687
0.00439811
0.00465625
0.0140489
0.00547548
0.00700647
0.0142044
0.0143593
0.0117313
0.0107208
0.0260697
0.028019
0.00562079
0.0180389
0.020725
0.00534368
0.00550871
0.00906843
0.0175527
0.00474657
0.00506318
0.00550798
0.00563967
0.0301208
0.00403606
0.0088897
0.0224485
0.0110498
0.0139854
0.0136209
0.0123016
0.0081739
0.00432395
0.00502559
0.00636639
0.00510321
0.00435031
0.00498421
0.0131763
0.00980501
0.00961716
0.00725784
0.0154302
0.03688
0.0182256
0.00865489
0.0124795
0.00902505
0.00879144
0.00985571
0.00729462
0.0238829
0.0202837
0.011732
0.0117376
0.0208309
0.00475653
0.0198585
0.0100552
0.00487364
0.0157079
0.0176078
0.00932404
0.0317281
0.00801898
0.00642565
0.00727503
0.0206719
0.0382982
0.0317515
0.0144701
0.0211795
0.0151399
0.0112127
0.00716554
0.0109796
0.00679762
0.0111304
0.0187339
0.02466
0.00462553
0.00494142
0.0180281
0.0105418
0.0111876
0.00680581
0.00687674
0.0071206
0.0113495
0.00677876
0.0209093
0.00477739
0.0173707
0.0127026
0.0170037
0.00542918
0.0135245
0.0132101
0.0109657
0.0103144
0.0184411
0.00421899
0.00705799
0.005907
0.00464859
0.00502106
0.00581579
0.00475086
0.0187323
0.011762
0.0047007
0.00585818
0.0100393
0.00314728
0.00600756
0.00901113
0.00586349
0.00456451
0.0217754
0.0147098
0.00585302
0.00935134
0.00890385
0.00457493
0.0101027
0.00508546
0.00484065
0.0284213
0.0190661
0.00872366
0.00445161
0.0178102
0.0054882
0.00336786
0.0185644
0.00513629
0.00508665
0.00538414
0.0147651
0.00773015
0.00777068
0.0087707
0.00484299
0.0130974
0.0044999
0.00473685
0.00491055
0.0244805
0.00469922
0.0176787
0.00283934
0.0129989
0.00427574
0.0366878
0.00916575
0.00421772
0.00825363
0.0254161
0.00505204
0.00447297
0.0190444
0.0200751
0.00740206
0.0144934
0.00616759
0.012149
0.0140418
0.00933644
0.00416865
0.00583164
0.0110563
0.00439019
0.00435842
0.00362071
0.00470676
0.00934642
0.0218836
0.00520158
0.00479563
0.00729202
0.0244162
0.0228783
0.00784706
0.0180245
0.0233587
0.0149763
0.0339028
0.00593099
0.0117524
0.00605732
0.0195128
0.00731427
0.00568398
0.00915763
0.00685569
0.00440747
0.00518483
0.00478834
0.0049808
0.0118314
0.00494901
0.00888737
0.00519292
0.00433461
0.0180989
0.0151128
0.00415986
0.00425634
0.0108672
0.0210446
0.0116223
0.0146112
0.0082038
0.00436131
0.0234707
0.0115902
0.0042648
0.00661287
0.00835173
0.0054725
0.00544644
0.0100005
0.0184064
0.0151425
0.00586262
0.00549764
0.0122077
0.00940124
0.0220996
0.0135455
0.00436857
0.00584753
0.00896538
0.00524876
0.00581025
0.0114448
0.00758975
0.0110663
0.008096
0.0064477
0.011191
0.00615433
0.00507597
0.00977022
0.00488182
0.00979452
0.0107582
0.0115622
0.00890411
0.00513205
0.00521599
0.0114461
0.00538573
0.00478
0.00425104
0.00424399
0.00354608
0.0284547
0.00536874
0.0105875
0.0144953
0.00545177
0.00481444
0.00385996
0.00971502
0.00679726
0.00823095
0.0143124
0.00961261
0.00309984
0.00305887
0.00150512
0.0192549
0.00154527
0.00521844
0.00494285
0.0153439
0.0162276
0.00803528
0.00761693
0.00655211
0.0125073
0.00505395
0.00789736
0.0152079
0.00656757
0.018362
0.00902955
0.00474698
0.0102986
0.00779502
0.00818457
0.00431397
0.0109487
0.0127955
0.0123734
0.00935033
0.0103044
0.0214247
0.00429508
0.0151396
0.0312537
0.00560107
0.0140475
0.0101079
0.0103377
0.00432819
0.00422613
0.0170771
0.00423061
0.00714364
0.0075781
0.0156601
0.0116159
0.00759152
0.00803705
0.00787701
0.0137976
0.00540163
0.0057755
0.00789253
0.00716556
0.00536778
0.0179269
0.00723404
0.00906932
0.00721461
0.00712368
0.00662715
0.00440372
0.0042229
0.00443527
0.0170093
0.0116177
0.0173179
0.00698536
0.0145513
0.0114997
0.00908368
0.00440116
0.00492055
0.00478652
0.00479871
0.0156318
0.0114473
0.0100294
0.00541275
0.00527508
0.00486022
0.00507189
0.0218383
0.00798795
0.00561325
0.0143481
0.00806606
0.00487007
0.00577289
0.00491507
0.0201623
0.00831459
0.0199954
0.00583748
0.0163117
0.00492692
0.00339292
0.00453422
0.00536003
0.00509686
0.00487197
0.00435659
0.00579599
0.00481861
0.00607509
0.00449249
0.00478377
0.0102137
0.00477247
0.00505795
0.0169101
0.00413139
0.0180085
0.0046891
0.00560275
0.00539431
0.018559
0.00788892
0.00800396
0.0116468
0.0158355
0.0144149
0.00763244
0.00497721
0.00716548
0.00464934
0.0156507
0.00396645
0.0044551
0.0133779
0.0167233
0.00491282
0.010912
0.00654716
0.0157165
0.0100847
0.0108718
0.00477157
0.0150412
0.00339897
0.00565024
0.00583274
0.0036171
0.0176218
0.00449346
0.00919345
0.0100667
0.0165718
0.00761706
0.00793589
0.00387006
0.00492895
0.00479344
0.00512893
0.00389296
0.00795824
0.020247
0.0142367
0.012777
0.00626146
0.0101427
0.00570067
0.0213735
0.00465013
0.00862494
0.0076649
0.00748163
0.00805976
0.00420813
0.00939731
0.00771693
0.0041321
0.0050444
0.00697661
0.00403774
0.0096776
0.00410292
0.0149908
0.00399672
0.00820854
0.0153466
0.00401982
0.0103921
0.00411862
0.0298438
0.0144204
0.00482737
0.00636497
0.00476664
0.0108714
0.00486964
0.00944964
0.00970458
0.0065591
0.00709733
0.00469966
0.00583581
0.00401185
0.0154802
0.00487033
0.00486938
0.0147801
0.0182479
0.00767166
0.00472782
0.00409827
0.0161334
0.00676837
0.00894463
0.00742813
0.00385027
0.0215894
0.0270383
0.00405627
0.0204743
0.00401319
0.00734391
0.00953562
0.00502981
0.0122125
0.00451337
0.00400428
0.0113032
0.0160971
0.0125228
0.00404342
0.00380467
0.00404187
0.00432051
0.00509855
0.00373849
0.00720447
0.00588865
0.00399965
0.0049807
0.0208283
0.00619845
0.00937617
0.00483726
0.00402919
0.0107928
0.00452596
0.00493155
0.0128178
0.00473719
0.00472162
0.00734953
0.0151266
0.00448699
0.0241097
0.00949581
0.0139982
0.00449841
0.00430296
0.00399526
0.00408192
0.013501
0.0120797
0.0100796
0.00728626
0.00635709
0.00462901
0.0209643
0.00460734
0.00571682
0.00442932
0.0103289
0.0071829
0.0263872
0.00859203
0.00438659
0.00763443
0.00438803
0.00444911
0.0141219
0.00462119
0.00928044
0.0120508
0.00422356
0.0166489
0.011255
0.00423184
0.00429141
0.00519696
0.0119694
0.00432295
0.0198491
0.00591352
0.0042881
0.00417077
0.0175846
0.00425933
0.00416895
0.00448076
0.00484955
0.0209448
0.0201867
0.0142477
0.0111998
0.0111718
0.022441
0.00425944
0.0097717
0.00477676
0.0123471
0.00430065
0.00713576
0.0122479
0.00389927
0.0139392
0.00428039
0.00440659
0.00439731
0.00470453
0.0170442
0.00517367
0.00871961
0.00389404
0.0227691
0.00957327
0.011269
0.0104597
0.00826891
0.00479858
0.00399518
0.016329
0.0207161
0.00253467
0.010846
0.00241284
0.00455694
0.00833874
0.0162833
0.00434006
0.00865577
0.00403932
0.00596421
0.00498586
0.00706772
0.0131441
0.0223697
0.00487403
0.0112557
0.00431074
0.0242365
0.00983302
0.00875503
0.00449669
0.0255244
0.0180491
0.0045064
0.0193735
0.0165423
0.0125162
0.00745828
0.00839558
0.00946274
0.0133106
0.0100732
0.00455319
0.0055227
0.00495079
0.019827
0.00455981
0.0285862
0.0168826
0.00907696
0.00459787
0.0179942
0.0156819
0.0192224
0.00546388
0.0109406
0.0249812
0.00754399
0.0210539
0.0251399
0.00728596
0.0395018
0.0131915
0.00544172
0.00574523
0.00506399
0.00486609
0.00582436
0.00858896
0.0119689
0.00735511
0.00741777
0.00520491
0.00476248
0.00457254
0.0045057
0.0188024
0.0147628
0.00500054
0.00496039
0.00636476
0.00713143
0.0344321
0.00734079
0.0195054
0.0100673
0.0393118
0.0240225
0.016335
0.0162628
0.0201381
0.00912308
0.00470692
0.0116295
0.00548689
0.00475583
0.00462119
0.00570877
0.0115502
0.0108663
0.00489161
0.00612431
0.0100385
0.00483553
0.00497458
0.00464441
0.00499958
0.00947809
0.0109771
0.0073259
0.00459108
0.0365161
0.0100903
0.0101581
0.0166633
0.00514701
0.0164444
0.00540203
0.00537501
0.0185242
0.0193794
0.00476192
0.024871
0.0054032
0.00406621
0.00735483
0.00454006
0.00637453
0.0104814
0.00535463
0.0179347
0.00746086
0.00469307
0.00483309
0.00958425
0.0113131
0.00890765
0.00515223
0.00444196
0.014869
0.00735829
0.0154649
0.00450523
0.00450005
0.00714794
0.0139143
0.00877101
0.0046361
0.00583084
0.0133166
0.00453943
0.00536563
0.00451448
0.00441366
0.00652766
0.00711576
0.0143773
0.00658099
0.010429
0.00914264
0.00773608
0.0107773
0.0058097
0.0159344
0.00878982
0.00776652
0.00418707
0.00476862
0.0047448
0.0393636
0.00853824
0.0182329
0.00446847
0.00655092
0.00955283
0.0077975
0.0150145
0.0130142
0.00480555
0.0108522
0.0147981
0.015714
0.00654233
0.0049976
0.00921661
0.00471722
0.00477794
0.0175381
0.00482749
0.00479125
0.0113651
0.00474701
0.00386559
0.0047805
0.01506
0.00652574
0.0076804
0.00481519
0.00582009
0.00835321
0.00458434
0.00505673
0.00467122
0.0140007
0.00453351
0.00483309
0.00466024
0.0103325
0.00476315
0.00955102
0.00468673
0.00596165
0.0155454
0.00927586
0.0154523
0.00880231
0.00471637
0.00892292
0.00462048
0.0088394
0.00810232
0.00757482
0.005856
0.00483011
0.0128882
0.0172115
0.00281902
0.0143321
0.00756402
0.00430537
0.00744363
0.00452061
0.00439937
0.00458719
0.00935489
0.00437251
0.00749656
0.0103639
0.0112861
0.00439749
0.0132752
0.0137611
0.00457846
0.0108238
0.027457
0.00753501
0.0157303
0.0252354
0.0164278
0.00748959
0.00514061
0.00742229
0.0123487
0.00875346
0.0101652
0.00526159
0.00508859
0.00488363
0.00997885
0.00512278
0.0161698
0.00831753
0.00505948
0.0156302
0.00531332
0.00380374
0.010112
0.00491361
0.00560426
0.00411113
0.016567
0.00569598
0.0061939
0.014966
0.024125
0.00629996
0.0239146
0.0120242
0.00571694
0.0100398
0.0290964
0.0122808
0.0192871
0.0193969
0.00952457
0.00446315
0.0130517
0.00707555
0.00711675
0.00514899
0.0165208
0.00853793
0.00448651
0.00695931
0.00467383
0.0069304
0.00714109
0.00495885
0.0164387
0.0287466
0.0189676
0.00542073
0.0170536
0.00724746
0.00524113
0.00497424
0.00954154
0.022996
0.00787754
0.00711669
0.0134727
0.0206373
0.012238
0.00729251
0.0304628
0.0102441
0.00500392
0.00509074
0.0076638
0.0263291
0.00728216
0.00991814
0.00696453
0.0244261
0.0101647
0.00529153
0.00470352
0.00446668
0.025822
0.00993485
0.0100435
0.00505696
0.00419718
0.00453157
0.00607021
0.00501766
0.00453389
0.00597821
0.00442325
0.00484066
0.005742
0.0113035
0.0132998
0.00797137
0.0063152
0.0246917
0.0045344
0.00961791
0.0136915
0.0134437
0.0109814
0.00570362
0.0218441
0.0115002
0.008041
0.00442447
0.00450823
0.00551282
0.00827553
0.00479325
0.0101429
0.00599125
0.01648
0.00519054
0.0215047
0.00517366
0.00520475
0.00616022
0.00659062
0.00936169
0.0161199
0.0249071
0.00488621
0.0170992
0.0102782
0.00860615
0.0213132
0.00473789
0.00877568
0.00681095
0.00914526
0.00436697
0.00434644
0.00891758
0.00519632
0.00544294
0.0166642
0.00416839
0.00411222
0.00602717
0.00514925
0.00918646
0.00255817
0.00473146
0.0352767
0.00871393
0.0399604
0.00436464
0.0312094
0.0197795
0.0165266
0.00863282
0.0149059
0.0110542
0.0046287
0.00625166
0.0196832
0.0186198
0.0216402
0.0239153
0.0110651
0.00450445
0.00468522
0.00442122
0.00584751
0.0156545
0.0042137
0.00419281
0.00802269
0.00393829
0.00602691
0.00659962
0.012756
0.00503661
0.0105942
0.00483777
0.00891706
0.00393346
0.00430482
0.00454137
0.00416624
0.00763774
0.00510536
0.0040551
0.0039945
0.00486893
0.0137726
0.0055181
0.00470072
0.013026
0.00910478
0.00494304
0.00548035
0.00552304
0.00788759
0.00885939
0.0152453
0.00601698
0.00953957
0.0148958
0.00432554
0.0134911
0.00432884
0.00582643
0.00471686
0.0106984
0.00767109
0.0140787
0.0046443
0.00667798
0.00418786
0.0114551
0.0158696
0.00778725
0.0130866
0.00657366
0.00448796
0.0351721
0.010144
0.0251335
0.00447053
0.0111276
0.0192574
0.00819626
0.00749033
0.0131032
0.00444716
0.00442073
0.0044486
0.0184009
0.0283605
0.00752054
0.0167108
0.0102001
0.00443884
0.00444049
0.00885253
0.00448484
0.0106461
0.0109312
0.0184691
0.00956546
0.00859822
0.00473073
0.00870824
0.00408874
0.00689599
0.00424419
0.00496364
0.0043543
0.00984741
0.0135395
0.0205795
0.00761844
0.00410161
0.00431728
0.00616888
0.00443061
0.00474454
0.00432539
0.00741113
0.00897497
0.00272966
0.00833468
0.010252
0.0134192
0.00453909
0.0192626
0.0120563
0.0138385
0.00433972
0.00494364
0.00896334
0.0264547
0.00532423
0.0208421
0.0155211
0.00629781
0.00506534
0.00481291
0.00385645
0.00474126
0.00506851
0.00501012
0.008093
0.0222588
0.00808757
0.00498726
0.020617
0.00474369
0.0101629
0.0226963
0.0127779
0.0049243
0.0116971
0.0181768
0.00462904
0.00911206
0.00774275
0.00439277
0.00810267
0.00696931
0.00485969
0.00474129
0.0048156
0.00491687
0.00490969
0.0114233
0.00585065
0.00945412
0.00566824
0.0049585
0.0100834
0.00456785
0.0106136
0.00656759
0.00457415
0.0179129
0.0152574
0.00450357
0.0107987
0.00615549
0.014852
0.0236803
0.00773821
0.00538818
0.0144859
0.0133016
0.00527473
0.0104832
0.00944313
0.00479184
0.00729039
0.0255076
0.00808523
0.00438966
0.00416261
0.00445826
0.00979463
0.0145156
0.0137297
0.00500375
0.00707562
0.0191178
0.0103311
0.0225423
0.00434411
0.0156523
0.00451285
0.0266596
0.00472294
0.0072409
0.00644784
0.00583711
0.00859038
0.0130821
0.00687115
0.031465
0.00505729
0.00682284
0.00907851
0.0158493
0.00683646
0.00469732
0.0213655
0.0145793
0.00571207
0.00575703
0.0044815
0.0113946
0.0164986
0.00454852
0.0138136
0.00705293
0.00647996
0.00958016
0.00971969
0.00408536
0.00476418
0.00599113
0.00542367
0.0117724
0.0101827
0.0208251
0.0106467
0.00778797
0.00499902
0.00459929
0.0141837
0.00482301
0.00671604
0.0255947
0.0132798
0.0235778
0.0329932
0.00945288
0.0123828
0.00462659
0.00464024
0.0144613
0.00988527
0.00452679
0.00575486
0.0174288
0.00448044
0.0149694
0.0100082
0.0152993
0.0044907
0.0046137
0.0165943
0.00440069
0.00471325
0.010565
0.00875111
0.00824059
0.0252519
0.0190089
0.0119026
0.0252056
0.00432254
0.00445851
0.0343129
0.00621597
0.00589195
0.0377643
0.00461385
0.0120166
0.0161398
0.0192957
0.00473895
0.0094704
0.00803864
0.00424035
0.0278814
0.00455179
0.0135989
0.0316994
0.0082174
0.00780385
0.00472084
0.0101646
0.00474783
0.00503115
0.014546
0.0101114
0.0109771
0.00485377
0.0141727
0.0126477
0.0190561
0.00473716
0.00438945
0.00484259
0.00843093
0.00444498
0.00565668
0.0115598
0.0101299
0.025801
0.00538502
0.0163818
0.00465013
0.00749133
0.0172121
0.00447934
0.00448053
0.0238439
0.0160025
0.00837233
0.0065105
0.00640518
0.0172189
0.00593858
0.0132934
0.00470194
0.0121851
0.00424931
0.00982544
0.00652824
0.0047595
0.012433
0.0109574
0.00453615
0.0172228
0.0208802
0.0101696
0.00533805
0.0195656
0.0177197
0.0136118
0.0138298
0.00741333
0.0164945
0.0193479
0.0060493
0.00480804
0.0121039
0.0220652
0.0126803
0.00601996
0.0135549
0.00497107
0.00606514
0.0046029
0.00595943
0.00600613
0.0165325
0.0191672
0.00737443
0.0191619
0.00841605
0.00714378
0.00403512
0.00618109
0.00481625
0.00477752
0.0103002
0.0227862
0.00437527
0.00281176
0.0025572
0.019452
0.00477324
0.00428543
0.00600292
0.021631
0.030971
0.00814955
0.00558163
0.00463338
0.0251416
0.010741
0.00932142
0.019967
0.00450406
0.00462443
0.0259251
0.0137106
0.00404732
0.00787865
0.00750437
0.020525
0.0149778
0.00549894
0.0143438
0.00454733
0.00471136
0.0125005
0.0142201
0.00609514
0.0155088
0.0147089
0.00926281
0.0131633
0.0238404
0.0130593
0.0101793
0.0047252
0.0171958
0.00451288
0.00960913
0.0346154
0.0126481
0.0135863
0.0093575
0.00490015
0.0287047
0.0330222
0.0153322
0.0047787
0.0258676
0.017225
0.0102392
0.00439367
0.00733692
0.0266549
0.0108775
0.00424584
0.0157646
0.0123615
0.0288292
0.0173335
0.0110964
0.00411295
0.00972628
0.0071877
0.00783248
0.0118178
0.0087882
0.00873465
0.01278
0.0102269
0.0270403
0.0089201
0.0109162
0.00424903
0.00735826
0.00905652
0.011118
0.0148344
0.00878427
0.0230672
0.0127366
0.00811723
0.00752064
0.021656
0.0162869
0.0282529
0.0201473
0.0293431
0.0238096
0.037655
0.0342115
0.0176199
0.0181275
0.0232193
0.0305012
0.0199201
0.0203076
0.0325299
0.0357161
0.025354
0.0281648
0.0226273
0.0202111
0.0270916
0.0188545
0.0106467
0.0268107
0.0384465
